0	-13932183.000000000	
1	-13608991.000000000	
2	-13527669.000000000	
3	-13526337.000000000	
4	-13543717.000000000	
5	-13586167.000000000	
6	-13753078.000000000	
7	-13960391.000000000	
8	-14053349.000000000	
9	-14138756.000000000	
10	-14185258.000000000	
11	-14275110.000000000	
12	-14301278.000000000	
13	-14286149.000000000	
14	-14220137.000000000	
15	-14139759.000000000	
16	-13996716.000000000	
17	-13774733.000000000	
18	-13554411.000000000	
19	-13317796.000000000	
20	-13076250.000000000	
21	-12800061.000000000	
22	-12520100.000000000	
23	-12203390.000000000	
24	-11885662.000000000	
25	-11587081.000000000	
26	-11347732.000000000	
27	-11064754.000000000	
28	-10751684.000000000	
29	-10436804.000000000	
30	-10115021.000000000	
31	-9760030.000000000	
32	-9358956.000000000	
33	-9029398.000000000	
34	-8789988.000000000	
35	-8546058.000000000	
36	-8301650.000000000	
37	-8111883.500000000	
38	-7980237.500000000	
39	-7917130.500000000	
40	-7975010.500000000	
41	-8165571.000000000	
42	-8533788.000000000	
43	-8904375.000000000	
44	-9293286.000000000	
45	-9695929.000000000	
46	-10077769.000000000	
47	-10355821.000000000	
48	-10547126.000000000	
49	-10703851.000000000	
50	-10796263.000000000	
51	-10770973.000000000	
52	-10621546.000000000	
53	-10459972.000000000	
54	-10267035.000000000	
55	-10025603.000000000	
56	-9786392.000000000	
57	-9563950.000000000	
58	-9333940.000000000	
59	-9079727.000000000	
60	-8777156.000000000	
61	-8417932.000000000	
62	-7973410.500000000	
63	-7501515.000000000	
64	-7053822.000000000	
65	-6751069.000000000	
66	-6685306.500000000	
67	-6838767.500000000	
68	-7194230.500000000	
69	-7759988.000000000	
70	-8442496.000000000	
71	-9143450.000000000	
72	-9770756.000000000	
73	-10283124.000000000	
74	-10701403.000000000	
75	-11032528.000000000	
76	-11248307.000000000	
77	-11354724.000000000	
78	-11402992.000000000	
79	-11398958.000000000	
80	-11343982.000000000	
81	-11255695.000000000	
82	-11137721.000000000	
83	-11019792.000000000	
84	-10933045.000000000	
85	-10847069.000000000	
86	-10735440.000000000	
87	-10615744.000000000	
88	-10467400.000000000	
89	-10298215.000000000	
90	-10147157.000000000	
91	-10136461.000000000	
92	-10250628.000000000	
93	-10435724.000000000	
94	-10749173.000000000	
95	-11183043.000000000	
96	-11667810.000000000	
97	-12161188.000000000	
98	-12632449.000000000	
99	-13067362.000000000	
100	-13395767.000000000	
101	-13650841.000000000	
102	-13868161.000000000	
103	-14034630.000000000	
104	-14150247.000000000	
105	-14244562.000000000	
106	-14312500.000000000	
107	-14353472.000000000	
108	-14379396.000000000	
109	-14391089.000000000	
110	-14377674.000000000	
111	-14338923.000000000	
112	-14302892.000000000	
113	-14281409.000000000	
114	-14224077.000000000	
115	-14150836.000000000	
116	-14070751.000000000	
117	-13992888.000000000	
118	-13911081.000000000	
119	-13841874.000000000	
120	-13750550.000000000	
121	-13653016.000000000	
122	-13559154.000000000	
123	-13418972.000000000	
124	-13235009.000000000	
125	-13056847.000000000	
126	-12876736.000000000	
127	-12675687.000000000	
128	-12451387.000000000	
129	-12267786.000000000	
130	-12092072.000000000	
131	-11876836.000000000	
132	-11629694.000000000	
133	-11384999.000000000	
134	-11105406.000000000	
135	-10849063.000000000	
136	-10669950.000000000	
137	-10577492.000000000	
138	-10608175.000000000	
139	-10761773.000000000	
140	-11049841.000000000	
141	-11424837.000000000	
142	-11804683.000000000	
143	-12173924.000000000	
144	-12548150.000000000	
145	-12868624.000000000	
146	-13097592.000000000	
147	-13245297.000000000	
148	-13331001.000000000	
149	-13385660.000000000	
150	-13374239.000000000	
151	-13276841.000000000	
152	-13119482.000000000	
153	-12946034.000000000	
154	-12768144.000000000	
155	-12578878.000000000	
156	-12390746.000000000	
157	-12196268.000000000	
158	-11945409.000000000	
159	-11628425.000000000	
160	-11200537.000000000	
161	-10696962.000000000	
162	-10166238.000000000	
163	-9669642.000000000	
164	-9257255.000000000	
165	-8990352.000000000	
166	-8933200.000000000	
167	-9089743.000000000	
168	-9447291.000000000	
169	-9979465.000000000	
170	-10591678.000000000	
171	-11233895.000000000	
172	-11843071.000000000	
173	-12376786.000000000	
174	-12820038.000000000	
175	-13183477.000000000	
176	-13457405.000000000	
177	-13640190.000000000	
178	-13740488.000000000	
179	-13779057.000000000	
180	-13753224.000000000	
181	-13701511.000000000	
182	-13647985.000000000	
183	-13576648.000000000	
184	-13454641.000000000	
185	-13323750.000000000	
186	-13195941.000000000	
187	-13042888.000000000	
188	-12847957.000000000	
189	-12622070.000000000	
190	-12398496.000000000	
191	-12178955.000000000	
192	-11961408.000000000	
193	-11771417.000000000	
194	-11636039.000000000	
195	-11678325.000000000	
196	-11866684.000000000	
197	-12127831.000000000	
198	-12503598.000000000	
199	-12922059.000000000	
200	-13341788.000000000	
201	-13775114.000000000	
202	-14178936.000000000	
203	-14521300.000000000	
204	-14837468.000000000	
205	-15126171.000000000	
206	-15337146.000000000	
207	-15475062.000000000	
208	-15583926.000000000	
209	-15666775.000000000	
210	-15712687.000000000	
211	-15746814.000000000	
212	-15772331.000000000	
213	-15788737.000000000	
214	-15776908.000000000	
215	-15763357.000000000	
216	-15743778.000000000	
217	-15730544.000000000	
218	-15711282.000000000	
219	-15660793.000000000	
220	-15608309.000000000	
221	-15568335.000000000	
222	-15530355.000000000	
223	-15482721.000000000	
224	-15432958.000000000	
225	-15371546.000000000	
226	-15294362.000000000	
227	-15197100.000000000	
228	-15090412.000000000	
229	-14969537.000000000	
230	-14824597.000000000	
231	-14689672.000000000	
232	-14558464.000000000	
233	-14427936.000000000	
234	-14288888.000000000	
235	-14132435.000000000	
236	-13969003.000000000	
237	-13819621.000000000	
238	-13626593.000000000	
239	-13365718.000000000	
240	-13081955.000000000	
241	-12779656.000000000	
242	-12468337.000000000	
243	-12199440.000000000	
244	-11975186.000000000	
245	-11851818.000000000	
246	-11843207.000000000	
247	-11940378.000000000	
248	-12136488.000000000	
249	-12421202.000000000	
250	-12789763.000000000	
251	-13184248.000000000	
252	-13505855.000000000	
253	-13787533.000000000	
254	-14054390.000000000	
255	-14277738.000000000	
256	-14464647.000000000	
257	-14613758.000000000	
258	-14699689.000000000	
259	-14739210.000000000	
260	-14693253.000000000	
261	-14595039.000000000	
262	-14483683.000000000	
263	-14338742.000000000	
264	-14205721.000000000	
265	-14102250.000000000	
266	-13987676.000000000	
267	-13874415.000000000	
268	-13713113.000000000	
269	-13468826.000000000	
270	-13149984.000000000	
271	-12752191.000000000	
272	-12267832.000000000	
273	-11767655.000000000	
274	-11283205.000000000	
275	-10867555.000000000	
276	-10544996.000000000	
277	-10388997.000000000	
278	-10439803.000000000	
279	-10620639.000000000	
280	-10904221.000000000	
281	-11297980.000000000	
282	-11794622.000000000	
283	-12328382.000000000	
284	-12832955.000000000	
285	-13290574.000000000	
286	-13704049.000000000	
287	-14058152.000000000	
288	-14363851.000000000	
289	-14649154.000000000	
290	-14845128.000000000	
291	-14953176.000000000	
292	-15013319.000000000	
293	-15041373.000000000	
294	-15055649.000000000	
295	-15019346.000000000	
296	-14945245.000000000	
297	-14870372.000000000	
298	-14826455.000000000	
299	-14800531.000000000	
300	-14734949.000000000	
301	-14619831.000000000	
302	-14463016.000000000	
303	-14247961.000000000	
304	-13994293.000000000	
305	-13729928.000000000	
306	-13445032.000000000	
307	-13166799.000000000	
308	-12940686.000000000	
309	-12793434.000000000	
310	-12720103.000000000	
311	-12741948.000000000	
312	-12845509.000000000	
313	-13026753.000000000	
314	-13284365.000000000	
315	-13594414.000000000	
316	-13932790.000000000	
317	-14301940.000000000	
318	-14671271.000000000	
319	-14987530.000000000	
320	-15247046.000000000	
321	-15519387.000000000	
322	-15735302.000000000	
323	-15904127.000000000	
324	-16030940.000000000	
325	-16130241.000000000	
326	-16235207.000000000	
327	-16323585.000000000	
328	-16367956.000000000	
329	-16392022.000000000	
330	-16415272.000000000	
331	-16439067.000000000	
332	-16447723.000000000	
333	-16458853.000000000	
334	-16462156.000000000	
335	-16440828.000000000	
336	-16436211.000000000	
337	-16446771.000000000	
338	-16414411.000000000	
339	-16404259.000000000	
340	-16416043.000000000	
341	-16392430.000000000	
342	-16346972.000000000	
343	-16308674.000000000	
344	-16283792.000000000	
345	-16266659.000000000	
346	-16252472.000000000	
347	-16231581.000000000	
348	-16193873.000000000	
349	-16127431.000000000	
350	-16058219.000000000	
351	-15980127.000000000	
352	-15882825.000000000	
353	-15791139.000000000	
354	-15724697.000000000	
355	-15659206.000000000	
356	-15594350.000000000	
357	-15509869.000000000	
358	-15413061.000000000	
359	-15302565.000000000	
360	-15161204.000000000	
361	-14972664.000000000	
362	-14736989.000000000	
363	-14464693.000000000	
364	-14188181.000000000	
365	-13911897.000000000	
366	-13685421.000000000	
367	-13485006.000000000	
368	-13344825.000000000	
369	-13263652.000000000	
370	-13222137.000000000	
371	-13279334.000000000	
372	-13417431.000000000	
373	-13631941.000000000	
374	-13853476.000000000	
375	-14051807.000000000	
376	-14316851.000000000	
377	-14603288.000000000	
378	-14823554.000000000	
379	-15019709.000000000	
380	-15234174.000000000	
381	-15433229.000000000	
382	-15576946.000000000	
383	-15703260.000000000	
384	-15769067.000000000	
385	-15780851.000000000	
386	-15768750.000000000	
387	-15739925.000000000	
388	-15705118.000000000	
389	-15663874.000000000	
390	-15599154.000000000	
391	-15540326.000000000	
392	-15473657.000000000	
393	-15402365.000000000	
394	-15343899.000000000	
395	-15266987.000000000	
396	-15126080.000000000	
397	-14935228.000000000	
398	-14681696.000000000	
399	-14379985.000000000	
400	-14044646.000000000	
401	-13670510.000000000	
402	-13288942.000000000	
403	-12971233.000000000	
404	-12714800.000000000	
405	-12558801.000000000	
406	-12464032.000000000	
407	-12447036.000000000	
408	-12527528.000000000	
409	-12677273.000000000	
410	-12900077.000000000	
411	-13194899.000000000	
412	-13492167.000000000	
413	-13787940.000000000	
414	-14090467.000000000	
415	-14414158.000000000	
416	-14717002.000000000	
417	-15014225.000000000	
418	-15274330.000000000	
419	-15484036.000000000	
420	-15653722.000000000	
421	-15781531.000000000	
422	-15892208.000000000	
423	-15972066.000000000	
424	-15999939.000000000	
425	-16010273.000000000	
426	-16035608.000000000	
427	-16014533.000000000	
428	-15976643.000000000	
429	-15981448.000000000	
430	-15987294.000000000	
431	-15975828.000000000	
432	-15958877.000000000	
433	-15927605.000000000	
434	-15837595.000000000	
435	-15723745.000000000	
436	-15620590.000000000	
437	-15496271.000000000	
438	-15321057.000000000	
439	-15141399.000000000	
440	-14917689.000000000	
441	-14671226.000000000	
442	-14466551.000000000	
443	-14271212.000000000	
444	-14101707.000000000	
445	-14002405.000000000	
446	-13952188.000000000	
447	-13961434.000000000	
448	-14041201.000000000	
449	-14159085.000000000	
450	-14292105.000000000	
451	-14487943.000000000	
452	-14698465.000000000	
453	-14915423.000000000	
454	-15136867.000000000	
455	-15363433.000000000	
456	-15579258.000000000	
457	-15762813.000000000	
458	-15915504.000000000	
459	-16098334.000000000	
460	-16258910.000000000	
461	-16369542.000000000	
462	-16472696.000000000	
463	-16563384.000000000	
464	-16615959.000000000	
465	-16648727.000000000	
466	-16657021.000000000	
467	-16668443.000000000	
468	-16687025.000000000	
469	-16703386.000000000	
470	-16709095.000000000	
471	-16711588.000000000	
472	-16705561.000000000	
473	-16705244.000000000	
474	-16707420.000000000	
475	-16718116.000000000	
476	-16728132.000000000	
477	-16726818.000000000	
478	-16725005.000000000	
479	-16720336.000000000	
480	-16725277.000000000	
481	-16723237.000000000	
482	-16706604.000000000	
483	-16699307.000000000	
484	-16698808.000000000	
485	-16694367.000000000	
486	-16692101.000000000	
487	-16694775.000000000	
488	-16687568.000000000	
489	-16670981.000000000	
490	-16675377.000000000	
491	-16676465.000000000	
492	-16663955.000000000	
493	-16647548.000000000	
494	-16615597.000000000	
495	-16568280.000000000	
496	-16524726.000000000	
497	-16478316.000000000	
498	-16437979.000000000	
499	-16427417.000000000	
500	-16396689.000000000	
501	-16335641.000000000	
502	-16294398.000000000	
503	-16266887.000000000	
504	-16230947.000000000	
505	-16168990.000000000	
506	-16091624.000000000	
507	-15991735.000000000	
508	-15873535.000000000	
509	-15748763.000000000	
510	-15598337.000000000	
511	-15417501.000000000	
512	-15230730.000000000	
513	-15041192.000000000	
514	-14827361.000000000	
515	-14629530.000000000	
516	-14494832.000000000	
517	-14400788.000000000	
518	-14321112.000000000	
519	-14270577.000000000	
520	-14276650.000000000	
521	-14340283.000000000	
522	-14442077.000000000	
523	-14556198.000000000	
524	-14671317.000000000	
525	-14809550.000000000	
526	-14959929.000000000	
527	-15105776.000000000	
528	-15265854.000000000	
529	-15422443.000000000	
530	-15554195.000000000	
531	-15696914.000000000	
532	-15836915.000000000	
533	-15952260.000000000	
534	-16041454.000000000	
535	-16108531.000000000	
536	-16158658.000000000	
537	-16198405.000000000	
538	-16240237.000000000	
539	-16251024.000000000	
540	-16236520.000000000	
541	-16231853.000000000	
542	-16221246.000000000	
543	-16193782.000000000	
544	-16173659.000000000	
545	-16163870.000000000	
546	-16159111.000000000	
547	-16130014.000000000	
548	-16113653.000000000	
549	-16099240.000000000	
550	-16084556.000000000	
551	-16062031.000000000	
552	-15996268.000000000	
553	-15880742.000000000	
554	-15780035.000000000	
555	-15665506.000000000	
556	-15529721.000000000	
557	-15378390.000000000	
558	-15204533.000000000	
559	-15019347.000000000	
560	-14830942.000000000	
561	-14652191.000000000	
562	-14493200.000000000	
563	-14375725.000000000	
564	-14280095.000000000	
565	-14217777.000000000	
566	-14192487.000000000	
567	-14175129.000000000	
568	-14173452.000000000	
569	-14229153.000000000	
570	-14321338.000000000	
571	-14435460.000000000	
572	-14565943.000000000	
573	-14734995.000000000	
574	-14918457.000000000	
575	-15091089.000000000	
576	-15247272.000000000	
577	-15402229.000000000	
578	-15555600.000000000	
579	-15663557.000000000	
580	-15776228.000000000	
581	-15898055.000000000	
582	-16012720.000000000	
583	-16133413.000000000	
584	-16233847.000000000	
585	-16319370.000000000	
586	-16374527.000000000	
587	-16409335.000000000	
588	-16466396.000000000	
589	-16516432.000000000	
590	-16523365.000000000	
591	-16525133.000000000	
592	-16525586.000000000	
593	-16497623.000000000	
594	-16484887.000000000	
595	-16506370.000000000	
596	-16541857.000000000	
597	-16574625.000000000	
598	-16572308.000000000	
599	-16556671.000000000	
600	-16556628.000000000	
601	-16572586.000000000	
602	-16564791.000000000	
603	-16541903.000000000	
604	-16508591.000000000	
605	-16464673.000000000	
606	-16415590.000000000	
607	-16350008.000000000	
608	-16243455.000000000	
609	-16121086.000000000	
610	-16025818.000000000	
611	-15937258.000000000	
612	-15841945.000000000	
613	-15755063.000000000	
614	-15658798.000000000	
615	-15537380.000000000	
616	-15475787.000000000	
617	-15476875.000000000	
618	-15463686.000000000	
619	-15442430.000000000	
620	-15445240.000000000	
621	-15463187.000000000	
622	-15490834.000000000	
623	-15561990.000000000	
624	-15653767.000000000	
625	-15716358.000000000	
626	-15773418.000000000	
627	-15875937.000000000	
628	-15954300.000000000	
629	-16046530.000000000	
630	-16163190.000000000	
631	-16272145.000000000	
632	-16367639.000000000	
633	-16442511.000000000	
634	-16514664.000000000	
635	-16589446.000000000	
636	-16646144.000000000	
637	-16679501.000000000	
638	-16700485.000000000	
639	-16712178.000000000	
640	-16729808.000000000	
641	-16741637.000000000	
642	-16746397.000000000	
643	-16747757.000000000	
644	-16740550.000000000	
645	-16749751.000000000	
646	-16762078.000000000	
647	-16756684.000000000	
648	-16745264.000000000	
649	-16746986.000000000	
650	-16757909.000000000	
651	-16765478.000000000	
652	-16766747.000000000	
653	-16764934.000000000	
654	-16765477.000000000	
655	-16762214.000000000	
656	-16754283.000000000	
657	-16760537.000000000	
658	-16771505.000000000	
659	-16769420.000000000	
660	-16766837.000000000	
661	-16768469.000000000	
662	-16765024.000000000	
663	-16757184.000000000	
664	-16752742.000000000	
665	-16758815.000000000	
666	-16760945.000000000	
667	-16758543.000000000	
668	-16755235.000000000	
669	-16754872.000000000	
670	-16759630.000000000	
671	-16763121.000000000	
672	-16762930.000000000	
673	-16763245.000000000	
674	-16760806.000000000	
675	-16755958.000000000	
676	-16757182.000000000	
677	-16760583.000000000	
678	-16763710.000000000	
679	-16756005.000000000	
680	-16738239.000000000	
681	-16735927.000000000	
682	-16747757.000000000	
683	-16749250.000000000	
684	-16749885.000000000	
685	-16758316.000000000	
686	-16759948.000000000	
687	-16757274.000000000	
688	-16758045.000000000	
689	-16761217.000000000	
690	-16760719.000000000	
691	-16758406.000000000	
692	-16758043.000000000	
693	-16755960.000000000	
694	-16753512.000000000	
695	-16750521.000000000	
696	-16755008.000000000	
697	-16756821.000000000	
698	-16753739.000000000	
699	-16743768.000000000	
700	-16730670.000000000	
701	-16732845.000000000	
702	-16733524.000000000	
703	-16738511.000000000	
704	-16747439.000000000	
705	-16745672.000000000	
706	-16746578.000000000	
707	-16743496.000000000	
708	-16736607.000000000	
709	-16727588.000000000	
710	-16709595.000000000	
711	-16692463.000000000	
712	-16670255.000000000	
713	-16667808.000000000	
714	-16650359.000000000	
715	-16614600.000000000	
716	-16576166.000000000	
717	-16515480.000000000	
718	-16469658.000000000	
719	-16443190.000000000	
720	-16400632.000000000	
721	-16375297.000000000	
722	-16369950.000000000	
723	-16345567.000000000	
724	-16338950.000000000	
725	-16354858.000000000	
726	-16365101.000000000	
727	-16363741.000000000	
728	-16381643.000000000	
729	-16414910.000000000	
730	-16437208.000000000	
731	-16441378.000000000	
732	-16475279.000000000	
733	-16532385.000000000	
734	-16564972.000000000	
735	-16582421.000000000	
736	-16601456.000000000	
737	-16630961.000000000	
738	-16666176.000000000	
739	-16675964.000000000	
740	-16683306.000000000	
741	-16704700.000000000	
742	-16730262.000000000	
743	-16740142.000000000	
744	-16747802.000000000	
745	-16754646.000000000	
746	-16755325.000000000	
747	-16756141.000000000	
748	-16755416.000000000	
749	-16751201.000000000	
750	-16751699.000000000	
751	-16758679.000000000	
752	-16766792.000000000	
753	-16762939.000000000	
754	-16755552.000000000	
755	-16758951.000000000	
756	-16765749.000000000	
757	-16766701.000000000	
758	-16759404.000000000	
759	-16756956.000000000	
760	-16760672.000000000	
761	-16763891.000000000	
762	-16761670.000000000	
763	-16756776.000000000	
764	-16759268.000000000	
765	-16758543.000000000	
766	-16752107.000000000	
767	-16762305.000000000	
768	-16770146.000000000	
769	-16768378.000000000	
770	-16759042.000000000	
771	-16747484.000000000	
772	-16753150.000000000	
773	-16761217.000000000	
774	-16760899.000000000	
775	-16752469.000000000	
776	-16751836.000000000	
777	-16762622.000000000	
778	-16765749.000000000	
779	-16760945.000000000	
780	-16758226.000000000	
781	-16761716.000000000	
782	-16759812.000000000	
783	-16754917.000000000	
784	-16754056.000000000	
785	-16752243.000000000	
786	-16743269.000000000	
787	-16747394.000000000	
788	-16754917.000000000	
789	-16745989.000000000	
790	-16749207.000000000	
791	-16760265.000000000	
792	-16756640.000000000	
793	-16744992.000000000	
794	-16726500.000000000	
795	-16709731.000000000	
796	-16718569.000000000	
797	-16738556.000000000	
798	-16733661.000000000	
799	-16726863.000000000	
800	-16725730.000000000	
801	-16721968.000000000	
802	-16714037.000000000	
803	-16715623.000000000	
804	-16732302.000000000	
805	-16733571.000000000	
806	-16733616.000000000	
807	-16728482.000000000	
808	-16726508.000000000	
809	-16724738.000000000	
810	-16714427.000000000	
811	-16736192.000000000	
812	-16748580.000000000	
813	-16743880.000000000	
814	-16747841.000000000	
815	-16756765.000000000	
816	-16754506.000000000	
817	-16754945.000000000	
818	-16757631.000000000	
819	-16761124.000000000	
820	-16756824.000000000	
821	-16748543.000000000	
822	-16754241.000000000	
823	-16755768.000000000	
824	-16765242.000000000	
825	-16772280.000000000	
826	-16769869.000000000	
827	-16766984.000000000	
828	-16766216.000000000	
829	-16765970.000000000	
830	-16769662.000000000	
831	-16768822.000000000	
832	-16758979.000000000	
833	-16766817.000000000	
834	-16774507.000000000	
835	-16777216.000000000	
836	-16776623.000000000	
837	-16774485.000000000	
838	-16776517.000000000	
839	-16777216.000000000	
840	-16776365.000000000	
841	-16777216.000000000	
842	-16777216.000000000	
843	-16777216.000000000	
844	-16777216.000000000	
845	-16777216.000000000	
846	-16777216.000000000	
847	-16777216.000000000	
848	-16777216.000000000	
849	-16777216.000000000	
850	NaN	
