0	-16777216.000000000	
1	-16758363.000000000	
2	-16699655.000000000	
3	-16697669.000000000	
4	-16728698.000000000	
5	-16681618.000000000	
6	-16559193.000000000	
7	-16460835.000000000	
8	-16357866.000000000	
9	-16233738.000000000	
10	-16093769.000000000	
11	-15958393.000000000	
12	-15812543.000000000	
13	-15650953.000000000	
14	-15540239.000000000	
15	-15529320.000000000	
16	-15560012.000000000	
17	-15558669.000000000	
18	-15582994.000000000	
19	-15652875.000000000	
20	-15702288.000000000	
21	-15683661.000000000	
22	-15652404.000000000	
23	-15623134.000000000	
24	-15582795.000000000	
25	-15504064.000000000	
26	-15423408.000000000	
27	-15348479.000000000	
28	-15265893.000000000	
29	-15188541.000000000	
30	-15135490.000000000	
31	-15055808.000000000	
32	-15005879.000000000	
33	-14952962.000000000	
34	-14897207.000000000	
35	-14879788.000000000	
36	-14888703.000000000	
37	-14915964.000000000	
38	-14969592.000000000	
39	-15019783.000000000	
40	-15078398.000000000	
41	-15097840.000000000	
42	-15151623.000000000	
43	-15153080.000000000	
44	-15097267.000000000	
45	-15020337.000000000	
46	-14973434.000000000	
47	-14912096.000000000	
48	-14798586.000000000	
49	-14693685.000000000	
50	-14628706.000000000	
51	-14550705.000000000	
52	-14428029.000000000	
53	-14331267.000000000	
54	-14242301.000000000	
55	-14127720.000000000	
56	-14048091.000000000	
57	-14028259.000000000	
58	-14037940.000000000	
59	-14113970.000000000	
60	-14243586.000000000	
61	-14407124.000000000	
62	-14595551.000000000	
63	-14820987.000000000	
64	-15080433.000000000	
65	-15316877.000000000	
66	-15506631.000000000	
67	-15659634.000000000	
68	-15767876.000000000	
69	-15866694.000000000	
70	-15937584.000000000	
71	-15967354.000000000	
72	-15992026.000000000	
73	-16010959.000000000	
74	-16009717.000000000	
75	-16034175.000000000	
76	-16060304.000000000	
77	-16049252.000000000	
78	-16028521.000000000	
79	-16020554.000000000	
80	-15988085.000000000	
81	-15937884.000000000	
82	-15905459.000000000	
83	-15875389.000000000	
84	-15829985.000000000	
85	-15771003.000000000	
86	-15705510.000000000	
87	-15625881.000000000	
88	-15523165.000000000	
89	-15410126.000000000	
90	-15320818.000000000	
91	-15228339.000000000	
92	-15124981.000000000	
93	-15012456.000000000	
94	-14886738.000000000	
95	-14786678.000000000	
96	-14711118.000000000	
97	-14632642.000000000	
98	-14590236.000000000	
99	-14583601.000000000	
100	-14589599.000000000	
101	-14646868.000000000	
102	-14764832.000000000	
103	-14952702.000000000	
104	-15173554.000000000	
105	-15411925.000000000	
106	-15620355.000000000	
107	-15799102.000000000	
108	-15942423.000000000	
109	-16057560.000000000	
110	-16134535.000000000	
111	-16190990.000000000	
112	-16243033.000000000	
113	-16289551.000000000	
114	-16316194.000000000	
115	-16336154.000000000	
116	-16352817.000000000	
117	-16357871.000000000	
118	-16347720.000000000	
119	-16317522.000000000	
120	-16304243.000000000	
121	-16283897.000000000	
122	-16245218.000000000	
123	-16233653.000000000	
124	-16219774.000000000	
125	-16214592.000000000	
126	-16228170.000000000	
127	-16225813.000000000	
128	-16229454.000000000	
129	-16241491.000000000	
130	-16256483.000000000	
131	-16271903.000000000	
132	-16276444.000000000	
133	-16263979.000000000	
134	-16238279.000000000	
135	-16205468.000000000	
136	-16179553.000000000	
137	-16143873.000000000	
138	-16102624.000000000	
139	-16047625.000000000	
140	-15977205.000000000	
141	-15905973.000000000	
142	-15834012.000000000	
143	-15749757.000000000	
144	-15664346.000000000	
145	-15584546.000000000	
146	-15494381.000000000	
147	-15424262.000000000	
148	-15366692.000000000	
149	-15307624.000000000	
150	-15261921.000000000	
151	-15256652.000000000	
152	-15327071.000000000	
153	-15433385.000000000	
154	-15577950.000000000	
155	-15742718.000000000	
156	-15900219.000000000	
157	-16058588.000000000	
158	-16212960.000000000	
159	-16376161.000000000	
160	-16508690.000000000	
161	-16587718.000000000	
162	-16639461.000000000	
163	-16666403.000000000	
164	-16678783.000000000	
165	-16693947.000000000	
166	-16705255.000000000	
167	-16713822.000000000	
168	-16720846.000000000	
169	-16722774.000000000	
170	-16722217.000000000	
171	-16719990.000000000	
172	-16710138.000000000	
173	-16699601.000000000	
174	-16696817.000000000	
175	-16694632.000000000	
176	-16690091.000000000	
177	-16670859.000000000	
178	-16648799.000000000	
179	-16630809.000000000	
180	-16608321.000000000	
181	-16579837.000000000	
182	-16540258.000000000	
183	-16487144.000000000	
184	-16420152.000000000	
185	-16342794.000000000	
186	-16279271.000000000	
187	-16193688.000000000	
188	-16109605.000000000	
189	-16046254.000000000	
190	-15980033.000000000	
191	-15911113.000000000	
192	-15825873.000000000	
193	-15735236.000000000	
194	-15669658.000000000	
195	-15609990.000000000	
196	-15572339.000000000	
197	-15584118.000000000	
198	-15651753.000000000	
199	-15740976.000000000	
200	-15842150.000000000	
201	-15994339.000000000	
202	-16156466.000000000	
203	-16291607.000000000	
204	-16429404.000000000	
205	-16556878.000000000	
206	-16644259.000000000	
207	-16701657.000000000	
208	-16730227.000000000	
209	-16728214.000000000	
210	-16726584.000000000	
211	-16739733.000000000	
212	-16743848.000000000	
213	-16759053.000000000	
214	-16745603.000000000	
215	-16727827.000000000	
216	-16741792.000000000	
217	-16749031.000000000	
218	-16733996.000000000	
219	-16731084.000000000	
220	-16729541.000000000	
221	-16729456.000000000	
222	-16728342.000000000	
223	-16719176.000000000	
224	-16714379.000000000	
225	-16715278.000000000	
226	-16712622.000000000	
227	-16713265.000000000	
228	-16707868.000000000	
229	-16720375.000000000	
230	-16726200.000000000	
231	-16725729.000000000	
232	-16718062.000000000	
233	-16712580.000000000	
234	-16725687.000000000	
235	-16741911.000000000	
236	-16739810.000000000	
237	-16730781.000000000	
238	-16722688.000000000	
239	-16701999.000000000	
240	-16676813.000000000	
241	-16650984.000000000	
242	-16616074.000000000	
243	-16581036.000000000	
244	-16539445.000000000	
245	-16506976.000000000	
246	-16453433.000000000	
247	-16378560.000000000	
248	-16286467.000000000	
249	-16190348.000000000	
250	-16106778.000000000	
251	-16029463.000000000	
252	-15945636.000000000	
253	-15884298.000000000	
254	-15880615.000000000	
255	-15913040.000000000	
256	-15974550.000000000	
257	-16074653.000000000	
258	-16205168.000000000	
259	-16352731.000000000	
260	-16483461.000000000	
261	-16592644.000000000	
262	-16670517.000000000	
263	-16709710.000000000	
264	-16722003.000000000	
265	-16741192.000000000	
266	-16758754.000000000	
267	-16765051.000000000	
268	-16764580.000000000	
269	-16765436.000000000	
270	-16763680.000000000	
271	-16757555.000000000	
272	-16760939.000000000	
273	-16766165.000000000	
274	-16766593.000000000	
275	-16765736.000000000	
276	-16765736.000000000	
277	-16766636.000000000	
278	-16767235.000000000	
279	-16764794.000000000	
280	-16758326.000000000	
281	-16755542.000000000	
282	-16761967.000000000	
283	-16759911.000000000	
284	-16757341.000000000	
285	-16756955.000000000	
286	-16755885.000000000	
287	-16753871.000000000	
288	-16749845.000000000	
289	-16745862.000000000	
290	-16729541.000000000	
291	-16715577.000000000	
292	-16691291.000000000	
293	-16672316.000000000	
294	-16644730.000000000	
295	-16606608.000000000	
296	-16569043.000000000	
297	-16523510.000000000	
298	-16456732.000000000	
299	-16384086.000000000	
300	-16300260.000000000	
301	-16206539.000000000	
302	-16107507.000000000	
303	-16039229.000000000	
304	-15982646.000000000	
305	-15954204.000000000	
306	-15961828.000000000	
307	-15993911.000000000	
308	-16078465.000000000	
309	-16188977.000000000	
310	-16316451.000000000	
311	-16446795.000000000	
312	-16575554.000000000	
313	-16666276.000000000	
314	-16709067.000000000	
315	-16736567.000000000	
316	-16759868.000000000	
317	-16763509.000000000	
318	-16762524.000000000	
319	-16761068.000000000	
320	-16755628.000000000	
321	-16756055.000000000	
322	-16758026.000000000	
323	-16757041.000000000	
324	-16755499.000000000	
325	-16757512.000000000	
326	-16764023.000000000	
327	-16766936.000000000	
328	-16759568.000000000	
329	-16749759.000000000	
330	-16742948.000000000	
331	-16746333.000000000	
332	-16741321.000000000	
333	-16737466.000000000	
334	-16751130.000000000	
335	-16754428.000000000	
336	-16747789.000000000	
337	-16755713.000000000	
338	-16767364.000000000	
339	-16765608.000000000	
340	-16762738.000000000	
341	-16762952.000000000	
342	-16763680.000000000	
343	-16763680.000000000	
344	-16755413.000000000	
345	-16757426.000000000	
346	-16720631.000000000	
347	-16723844.000000000	
348	-16727955.000000000	
349	-16755454.000000000	
350	-16757555.000000000	
351	-16761667.000000000	
352	-16761153.000000000	
353	-16751815.000000000	
354	-16739565.000000000	
355	-16732754.000000000	
356	-16733097.000000000	
357	-16729883.000000000	
358	-16730397.000000000	
359	-16726158.000000000	
360	-16717848.000000000	
361	-16695403.000000000	
362	-16668117.000000000	
363	-16648627.000000000	
364	-16589731.000000000	
365	-16509931.000000000	
366	-16448979.000000000	
367	-16383272.000000000	
368	-16315466.000000000	
369	-16256055.000000000	
370	-16215491.000000000	
371	-16224315.000000000	
372	-16248216.000000000	
373	-16282097.000000000	
374	-16363697.000000000	
375	-16455618.000000000	
376	-16544755.000000000	
377	-16629180.000000000	
378	-16694675.000000000	
379	-16742221.000000000	
380	-16758926.000000000	
381	-16758969.000000000	
382	-16759825.000000000	
383	-16757341.000000000	
384	-16757127.000000000	
385	-16765437.000000000	
386	-16770191.000000000	
387	-16772247.000000000	
388	-16769249.000000000	
389	-16759654.000000000	
390	-16756056.000000000	
391	-16760681.000000000	
392	-16765649.000000000	
393	-16764194.000000000	
394	-16762824.000000000	
395	-16765736.000000000	
396	-16764965.000000000	
397	-16769078.000000000	
398	-16767793.000000000	
399	-16761409.000000000	
400	-16761666.000000000	
401	-16766250.000000000	
402	-16770987.000000000	
403	-16771110.000000000	
404	-16771470.000000000	
405	-16771690.000000000	
406	-16770491.000000000	
407	-16764109.000000000	
408	-16763894.000000000	
409	-16768221.000000000	
410	-16764837.000000000	
411	-16764621.000000000	
412	-16769118.000000000	
413	-16764622.000000000	
414	-16759911.000000000	
415	-16760725.000000000	
416	-16762652.000000000	
417	-16759012.000000000	
418	-16757512.000000000	
419	-16751511.000000000	
420	-16743800.000000000	
421	-16740206.000000000	
422	-16723329.000000000	
423	-16703025.000000000	
424	-16674714.000000000	
425	-16612990.000000000	
426	-16530021.000000000	
427	-16471552.000000000	
428	-16441483.000000000	
429	-16421136.000000000	
430	-16400747.000000000	
431	-16404046.000000000	
432	-16406017.000000000	
433	-16451549.000000000	
434	-16524838.000000000	
435	-16617017.000000000	
436	-16672444.000000000	
437	-16715064.000000000	
438	-16729711.000000000	
439	-16742947.000000000	
440	-16754214.000000000	
441	-16764537.000000000	
442	-16766165.000000000	
443	-16769120.000000000	
444	-16770491.000000000	
445	-16770791.000000000	
446	-16770534.000000000	
447	-16770191.000000000	
448	-16765308.000000000	
449	-16765093.000000000	
450	-16770147.000000000	
451	-16767107.000000000	
452	-16765222.000000000	
453	-16771305.000000000	
454	-16773661.000000000	
455	-16774517.000000000	
456	-16770705.000000000	
457	-16767450.000000000	
458	-16766550.000000000	
459	-16760468.000000000	
460	-16763937.000000000	
461	-16769763.000000000	
462	-16768049.000000000	
463	-16770619.000000000	
464	-16764922.000000000	
465	-16759739.000000000	
466	-16753186.000000000	
467	-16748474.000000000	
468	-16759354.000000000	
469	-16770448.000000000	
470	-16767364.000000000	
471	-16760253.000000000	
472	-16758411.000000000	
473	-16767963.000000000	
474	-16771776.000000000	
475	-16769119.000000000	
476	-16767191.000000000	
477	-16766764.000000000	
478	-16769891.000000000	
479	-16767578.000000000	
480	-16760768.000000000	
481	-16764580.000000000	
482	-16768178.000000000	
483	-16767064.000000000	
484	-16766764.000000000	
485	-16767150.000000000	
486	-16767107.000000000	
487	-16758240.000000000	
488	-16757512.000000000	
489	-16765522.000000000	
490	-16766506.000000000	
491	-16761750.000000000	
492	-16761023.000000000	
493	-16761239.000000000	
494	-16747661.000000000	
495	-16745519.000000000	
496	-16757555.000000000	
497	-16759397.000000000	
498	-16755628.000000000	
499	-16744577.000000000	
500	-16730570.000000000	
501	-16712451.000000000	
502	-16673858.000000000	
503	-16631023.000000000	
504	-16615003.000000000	
505	-16599540.000000000	
506	-16571870.000000000	
507	-16547883.000000000	
508	-16557606.000000000	
509	-16568143.000000000	
510	-16573240.000000000	
511	-16599284.000000000	
512	-16637534.000000000	
513	-16684181.000000000	
514	-16725214.000000000	
515	-16744232.000000000	
516	-16755841.000000000	
517	-16767963.000000000	
518	-16772547.000000000	
519	-16770877.000000000	
520	-16770448.000000000	
521	-16759825.000000000	
522	-16753186.000000000	
523	-16759354.000000000	
524	-16763592.000000000	
525	-16771769.000000000	
526	-16769658.000000000	
527	-16768130.000000000	
528	-16772437.000000000	
529	-16774350.000000000	
530	-16772271.000000000	
531	-16773261.000000000	
532	-16773356.000000000	
533	-16774874.000000000	
534	-16771661.000000000	
535	-16760354.000000000	
536	-16769017.000000000	
537	-16775112.000000000	
538	-16774846.000000000	
539	-16766260.000000000	
540	-16756382.000000000	
541	-16756637.000000000	
542	-16770274.000000000	
543	-16775893.000000000	
544	-16772825.000000000	
545	-16772613.000000000	
546	-16775337.000000000	
547	-16777216.000000000	
548	-16777216.000000000	
549	-16777216.000000000	
550	-16773427.000000000	
551	-16768430.000000000	
552	-16771882.000000000	
553	-16771482.000000000	
554	-16776035.000000000	
555	-16777216.000000000	
556	-16777216.000000000	
557	-16776433.000000000	
558	-16773490.000000000	
559	-16776219.000000000	
560	-16777216.000000000	
561	-16775836.000000000	
562	-16777216.000000000	
563	-16777216.000000000	
564	-16777216.000000000	
565	-16777216.000000000	
566	-16777216.000000000	
567	NaN	
