0	112.750000000	
1	111.625000000	
2	112.000000000	
3	112.124137878	
4	111.939224243	
5	111.848625183	
6	111.362205505	
7	111.527587891	
8	111.714286804	
9	111.386360168	
10	111.331169128	
11	111.071426392	
12	111.100646973	
13	110.915580750	
14	110.688308716	
15	110.714286804	
16	110.762985229	
17	110.396102905	
18	110.500000000	
19	110.415580750	
20	110.568183899	
21	110.451301575	
22	110.318183899	
23	110.383117676	
24	110.360389709	
25	110.253250122	
26	110.386360168	
27	110.392860413	
28	110.600646973	
29	110.032470703	
30	110.402595520	
31	110.581169128	
32	110.224029541	
33	110.256492615	
34	110.418830872	
35	110.516235352	
36	110.025970459	
37	110.198051453	
38	110.844154358	
39	110.422080994	
40	110.603897095	
41	110.506492615	
42	110.415580750	
43	110.318183899	
44	110.340911865	
45	110.301948547	
46	110.360389709	
47	110.477272034	
48	110.311691284	
49	110.357139587	
50	110.506492615	
51	110.720779419	
52	110.561691284	
53	110.441558838	
54	110.561691284	
55	110.571426392	
56	110.207794189	
57	110.230522156	
58	110.198051453	
59	110.522727966	
60	110.639610291	
61	110.204544067	
62	110.551948547	
63	110.149353027	
64	110.805191040	
65	110.392860413	
66	110.360389709	
67	110.717529297	
68	110.181816101	
69	110.308441162	
70	110.100646973	
71	110.314933777	
72	110.454544067	
73	110.201301575	
74	110.068183899	
75	110.055191040	
76	110.347404480	
77	110.162338257	
78	110.051948547	
79	110.230522156	
80	110.168830872	
81	110.243507385	
82	111.009742737	
83	110.250000000	
84	110.159088135	
85	109.941558838	
86	110.087661743	
87	110.344154358	
88	110.314933777	
89	110.363639832	
90	110.272727966	
91	110.285713196	
92	110.032470703	
93	110.256492615	
94	110.136360168	
95	110.444808960	
96	110.240257263	
97	110.344154358	
98	110.506492615	
99	110.159088135	
100	110.383117676	
101	110.350646973	
102	110.415580750	
103	110.172080994	
104	110.464286804	
105	109.993507385	
106	110.490257263	
107	110.301948547	
108	110.331169128	
109	110.389610291	
110	110.311691284	
111	110.409088135	
112	110.490257263	
113	110.415580750	
114	110.519477844	
115	110.360389709	
116	110.503250122	
117	110.519477844	
118	110.639610291	
119	110.422080994	
120	110.769477844	
121	110.441558838	
122	110.389610291	
123	110.405845642	
124	110.279220581	
125	110.308441162	
126	110.003250122	
127	110.113639832	
128	110.331169128	
129	110.181816101	
130	110.233764648	
131	110.068183899	
132	110.279220581	
133	110.285713196	
134	110.360389709	
135	110.327919006	
136	110.480522156	
137	110.652595520	
138	110.295455933	
139	110.357139587	
140	110.019477844	
141	110.529220581	
142	110.308441162	
143	110.350646973	
144	110.675323486	
145	110.009742737	
146	110.363639832	
147	110.198051453	
148	110.493507385	
149	110.415580750	
150	110.376625061	
151	110.422080994	
152	110.477272034	
153	110.084419250	
154	110.292205811	
155	110.415580750	
156	110.441558838	
157	110.288963318	
158	110.652595520	
159	110.292205811	
160	110.405845642	
161	110.321426392	
162	110.327919006	
163	110.509742737	
164	110.311691284	
165	110.639610291	
166	110.318183899	
167	110.522727966	
168	110.711036682	
169	110.441558838	
170	110.425323486	
171	110.405845642	
172	110.285713196	
173	110.327919006	
174	110.305191040	
175	110.431816101	
176	110.298698425	
177	110.272727966	
178	110.269477844	
179	110.233764648	
180	110.301948547	
181	110.454544067	
182	110.224029541	
183	110.535713196	
184	110.305191040	
185	110.376625061	
186	110.389610291	
187	110.503250122	
188	110.110389709	
189	110.217529297	
190	110.610389709	
191	110.282470703	
192	110.266235352	
193	110.350646973	
194	110.301948547	
195	110.318183899	
196	110.366882324	
197	110.668830872	
198	110.519477844	
199	110.207794189	
200	110.532470703	
201	110.474029541	
202	110.237014771	
203	110.337661743	
204	110.967529297	
205	110.363639832	
206	110.347404480	
207	110.337661743	
208	110.383117676	
209	110.506492615	
210	110.376625061	
211	110.535713196	
212	110.597404480	
213	110.629867554	
214	110.665580750	
215	110.246749878	
216	110.483764648	
217	110.646102905	
218	110.363639832	
219	110.711036682	
220	110.373374939	
221	110.600646973	
222	110.691558838	
223	110.422080994	
224	110.500000000	
225	110.542205811	
226	110.340911865	
227	110.454544067	
228	110.207794189	
229	110.818183899	
230	110.207794189	
231	110.392860413	
232	110.227272034	
233	110.545455933	
234	110.379867554	
235	110.262985229	
236	110.279220581	
237	110.457794189	
238	110.717529297	
239	110.516235352	
240	110.237014771	
241	111.964286804	
242	110.425323486	
243	110.574676514	
244	110.870132446	
245	110.704544067	
246	110.740257263	
247	110.516235352	
248	110.272727966	
249	110.587661743	
250	110.522727966	
251	110.392860413	
252	110.694808960	
253	110.503250122	
254	110.558441162	
255	110.483764648	
256	110.301948547	
257	110.467529297	
258	110.509742737	
259	110.441558838	
260	110.668830872	
261	110.701301575	
262	110.441558838	
263	110.376625061	
264	110.224029541	
265	110.422080994	
266	110.334419250	
267	110.509742737	
268	110.389610291	
269	110.496749878	
270	110.561691284	
271	110.633117676	
272	110.363639832	
273	110.496749878	
274	110.360389709	
275	111.957794189	
276	110.288963318	
277	110.402595520	
278	110.474029541	
279	110.496749878	
280	110.444808960	
281	110.311691284	
282	110.564933777	
283	110.516235352	
284	110.399353027	
285	110.461036682	
286	110.646102905	
287	110.626625061	
288	110.441558838	
289	110.246749878	
290	110.740257263	
291	111.029220581	
292	111.409088135	
293	111.805191040	
294	111.996749878	
295	111.899353027	
296	111.370132446	
297	111.100646973	
298	110.681816101	
299	110.814933777	
300	110.918830872	
301	111.149353027	
302	111.029220581	
303	111.866882324	
304	111.327919006	
305	113.535713196	
306	111.198051453	
307	110.944808960	
308	111.126625061	
309	110.902595520	
310	110.636360168	
311	110.532470703	
312	110.506492615	
313	111.207794189	
314	110.512985229	
315	110.600646973	
316	110.717529297	
317	110.724029541	
318	110.594154358	
319	110.909088135	
320	110.454544067	
321	110.662338257	
322	110.347404480	
323	110.642860413	
324	110.509742737	
325	110.701301575	
326	110.363639832	
327	110.525970459	
328	110.366882324	
329	110.500000000	
330	110.561691284	
331	110.733764648	
332	110.594154358	
333	110.503250122	
334	110.214286804	
335	110.353897095	
336	110.568183899	
337	110.470779419	
338	110.376625061	
339	110.240257263	
340	110.490257263	
341	110.587661743	
342	110.366882324	
343	110.512985229	
344	110.587661743	
345	110.574676514	
346	110.548698425	
347	110.363639832	
348	112.675323486	
349	110.724029541	
350	110.487014771	
351	110.237014771	
352	110.353897095	
353	110.386360168	
354	110.435066223	
355	110.337661743	
356	110.603897095	
357	110.785713196	
358	110.438308716	
359	110.720779419	
360	110.409088135	
361	111.071426392	
362	110.214286804	
363	110.879867554	
364	110.451301575	
365	110.626625061	
366	110.636360168	
367	110.603897095	
368	110.629867554	
369	110.503250122	
370	110.451301575	
371	110.873374939	
372	110.448051453	
373	110.308441162	
374	110.383117676	
375	110.581169128	
376	110.347404480	
377	110.616882324	
378	110.587661743	
379	110.603897095	
380	110.233764648	
381	110.512985229	
382	110.581169128	
383	110.766235352	
384	110.808441162	
385	110.805191040	
386	110.652595520	
387	110.538963318	
388	110.451301575	
389	110.477272034	
390	110.467529297	
391	110.558441162	
392	110.412338257	
393	110.451301575	
394	110.516235352	
395	110.724029541	
396	110.538963318	
397	110.405845642	
398	110.503250122	
399	110.237014771	
400	110.357139587	
401	110.451301575	
402	110.428573608	
403	111.009742737	
404	110.464286804	
405	110.347404480	
406	110.753250122	
407	110.775970459	
408	110.373374939	
409	110.448051453	
410	110.435066223	
411	110.503250122	
412	110.480522156	
413	110.626625061	
414	110.376625061	
415	110.639610291	
416	110.402595520	
417	110.610389709	
418	110.474029541	
419	110.847404480	
420	110.532470703	
421	110.538963318	
422	110.607139587	
423	110.474029541	
424	110.538963318	
425	110.775970459	
426	110.451301575	
427	110.707794189	
428	110.623374939	
429	110.353897095	
430	110.636360168	
431	110.366882324	
432	110.324676514	
433	110.558441162	
434	110.496749878	
435	110.314933777	
436	110.574676514	
437	110.483764648	
438	110.318183899	
439	110.613639832	
440	110.775970459	
441	110.750000000	
442	110.655845642	
443	110.620132446	
444	110.409088135	
445	110.750000000	
446	110.639610291	
447	110.873374939	
448	110.646102905	
449	110.993507385	
450	110.357139587	
451	110.720779419	
452	110.613639832	
453	110.720779419	
454	110.360389709	
455	110.581169128	
456	110.639610291	
457	110.662338257	
458	111.474029541	
459	112.762985229	
460	115.561691284	
461	117.896102905	
462	120.366882324	
463	122.084419250	
464	120.519477844	
465	118.584419250	
466	116.198051453	
467	114.639610291	
468	113.035713196	
469	111.818183899	
470	111.490257263	
471	111.201301575	
472	111.090911865	
473	110.801948547	
474	110.717529297	
475	110.704544067	
476	110.610389709	
477	110.805191040	
478	110.720779419	
479	110.805191040	
480	110.688308716	
481	110.512985229	
482	111.029220581	
483	110.629867554	
484	110.740257263	
485	110.974029541	
486	110.720779419	
487	110.775970459	
488	110.870132446	
489	110.542205811	
490	110.665580750	
491	110.866882324	
492	110.857139587	
493	110.827919006	
494	111.159088135	
495	111.120132446	
496	111.025970459	
497	111.181816101	
498	111.038963318	
499	111.240257263	
500	111.327919006	
501	111.383117676	
502	111.230522156	
503	111.275970459	
504	111.198051453	
505	111.353897095	
506	111.318183899	
507	111.399353027	
508	111.467529297	
509	111.204544067	
510	110.996749878	
511	111.334419250	
512	111.162338257	
513	111.233764648	
514	111.042205811	
515	111.107139587	
516	111.314933777	
517	110.620132446	
518	110.847404480	
519	110.931816101	
520	110.814933777	
521	110.814933777	
522	111.113639832	
523	110.714286804	
524	110.905845642	
525	111.126625061	
526	111.185066223	
527	111.159088135	
528	111.025970459	
529	111.275970459	
530	111.110389709	
531	111.220779419	
532	111.402595520	
533	111.327919006	
534	111.474029541	
535	112.000000000	
536	112.311691284	
537	112.597404480	
538	113.522727966	
539	114.532470703	
540	117.555191040	
541	124.717529297	
542	150.308441162	
543	250.727279663	
544	581.353881836	
545	1192.538940430	
546	1836.123413086	
547	2430.162353516	
548	2671.895996094	
549	2314.298583984	
550	1698.746704102	
551	1047.347412109	
552	562.821411133	
553	303.353881836	
554	196.961044312	
555	157.733764648	
556	141.886367798	
557	129.217529297	
558	121.051948547	
559	116.727272034	
560	114.133117676	
561	112.564933777	
562	112.042205811	
563	111.597404480	
564	111.603897095	
565	111.288963318	
566	111.262985229	
567	111.211036682	
568	111.334419250	
569	111.233764648	
570	111.334419250	
571	111.253250122	
572	111.042205811	
573	111.172080994	
574	111.262985229	
575	111.133117676	
576	110.853897095	
577	111.107139587	
578	110.987014771	
579	110.925323486	
580	110.925323486	
581	110.750000000	
582	110.668830872	
583	110.571426392	
584	110.886360168	
585	110.649353027	
586	110.775970459	
587	111.016235352	
588	111.029220581	
589	110.451301575	
590	110.448051453	
591	110.899353027	
592	110.730522156	
593	110.818183899	
594	110.769477844	
595	111.097404480	
596	110.805191040	
597	111.168830872	
598	111.081169128	
599	111.243507385	
600	111.227272034	
601	110.782470703	
602	110.665580750	
603	110.899353027	
604	110.837661743	
605	110.870132446	
606	111.120132446	
607	114.438308716	
608	121.318183899	
609	131.256500244	
610	142.142852783	
611	146.863632202	
612	143.396102905	
613	134.136367798	
614	124.009742737	
615	116.698051453	
616	113.214286804	
617	111.766235352	
618	111.071426392	
619	110.928573608	
620	110.954544067	
621	110.941558838	
622	110.642860413	
623	110.727272034	
624	110.840911865	
625	110.762985229	
626	111.155845642	
627	110.870132446	
628	110.977272034	
629	110.847404480	
630	110.821426392	
631	110.581169128	
632	110.863639832	
633	110.847404480	
634	110.746749878	
635	110.675323486	
636	110.860389709	
637	110.961036682	
638	110.639610291	
639	110.889610291	
640	110.646102905	
641	110.662338257	
642	110.808441162	
643	110.737014771	
644	110.909088135	
645	110.629867554	
646	111.074676514	
647	110.626625061	
648	110.821426392	
649	110.737014771	
650	110.850646973	
651	110.727272034	
652	111.509742737	
653	110.600646973	
654	110.879867554	
655	110.538963318	
656	110.512985229	
657	110.490257263	
658	110.474029541	
659	110.727272034	
660	110.743507385	
661	110.603897095	
662	110.655845642	
663	110.581169128	
664	110.730522156	
665	110.694808960	
666	110.496749878	
667	110.610389709	
668	110.344154358	
669	110.938308716	
670	110.655845642	
671	110.681816101	
672	110.425323486	
673	110.344154358	
674	110.246749878	
675	111.360389709	
676	110.743507385	
677	110.737014771	
678	110.503250122	
679	110.717529297	
680	110.610389709	
681	110.701301575	
682	110.503250122	
683	110.555191040	
684	110.769477844	
685	110.675323486	
686	110.418830872	
687	110.775970459	
688	110.759742737	
689	110.412338257	
690	110.792205811	
691	110.818183899	
692	110.623374939	
693	110.691558838	
694	110.970779419	
695	110.698051453	
696	110.441558838	
697	110.600646973	
698	110.590911865	
699	110.759742737	
700	110.876625061	
701	110.899353027	
702	110.568183899	
703	110.844154358	
704	110.698051453	
705	110.753250122	
706	110.629867554	
707	110.701301575	
708	110.655845642	
709	110.814933777	
710	110.834419250	
711	110.503250122	
712	110.548698425	
713	110.694808960	
714	110.662338257	
715	110.879867554	
716	110.694808960	
717	110.564933777	
718	110.905845642	
719	110.626625061	
720	110.746749878	
721	110.766235352	
722	110.558441162	
723	110.834419250	
724	110.551948547	
725	110.795455933	
726	110.646102905	
727	110.954544067	
728	110.681816101	
729	110.964286804	
730	110.642860413	
731	110.730522156	
732	110.714286804	
733	110.672080994	
734	110.548698425	
735	110.899353027	
736	110.737014771	
737	110.899353027	
738	110.779220581	
739	110.711036682	
740	110.707794189	
741	110.590911865	
742	110.840911865	
743	110.623374939	
744	110.944808960	
745	110.529220581	
746	110.636360168	
747	110.750000000	
748	110.912338257	
749	110.626625061	
750	112.594154358	
751	110.779220581	
752	110.704544067	
753	110.814933777	
754	110.870132446	
755	110.694808960	
756	110.737014771	
757	110.740257263	
758	110.538963318	
759	110.844154358	
760	110.386360168	
761	110.691558838	
762	110.827919006	
763	110.974029541	
764	110.467529297	
765	110.811691284	
766	110.896102905	
767	110.607139587	
768	110.801948547	
769	110.730522156	
770	110.844154358	
771	110.564933777	
772	110.831169128	
773	110.512985229	
774	110.769477844	
775	111.366882324	
776	110.740257263	
777	110.811691284	
778	110.925323486	
779	110.665580750	
780	110.977272034	
781	110.766235352	
782	110.672080994	
783	110.688308716	
784	110.902595520	
785	110.970779419	
786	111.048698425	
787	111.068183899	
788	110.685066223	
789	111.314933777	
790	110.762985229	
791	110.961036682	
792	110.896102905	
793	110.788963318	
794	110.811691284	
795	110.912338257	
796	110.818183899	
797	110.779220581	
798	110.740257263	
799	111.006492615	
800	110.746749878	
801	110.840911865	
802	110.931816101	
803	111.045455933	
804	110.935066223	
805	111.012985229	
806	111.240257263	
807	111.149353027	
808	111.097404480	
809	111.116882324	
810	110.925323486	
811	111.019477844	
812	110.896102905	
813	110.961036682	
814	110.964286804	
815	110.753250122	
816	111.071426392	
817	110.756492615	
818	110.844154358	
819	110.863639832	
820	110.785713196	
821	110.860389709	
822	111.737014771	
823	111.077919006	
824	112.535713196	
825	117.064933777	
826	123.509742737	
827	129.840911865	
828	133.555191040	
829	131.688308716	
830	126.038963318	
831	119.587661743	
832	114.746749878	
833	112.262985229	
834	111.590911865	
835	111.201301575	
836	111.116882324	
837	110.886360168	
838	110.954544067	
839	110.759742737	
840	110.594154358	
841	110.837661743	
842	110.512985229	
843	111.068183899	
844	110.646102905	
845	110.870132446	
846	110.847404480	
847	110.941558838	
848	110.915580750	
849	110.905845642	
850	110.938308716	
851	110.987014771	
852	110.574676514	
853	110.814933777	
854	110.649353027	
855	111.019477844	
856	110.805191040	
857	112.373374939	
858	110.879867554	
859	111.094154358	
860	110.827919006	
861	110.717529297	
862	110.756492615	
863	110.876625061	
864	110.905845642	
865	111.152595520	
866	110.704544067	
867	110.928573608	
868	110.990257263	
869	110.990257263	
870	111.006492615	
871	111.094154358	
872	110.905845642	
873	111.064933777	
874	111.129867554	
875	110.928573608	
876	111.009742737	
877	111.077919006	
878	110.961036682	
879	111.071426392	
880	112.623374939	
881	110.844154358	
882	111.149353027	
883	110.837661743	
884	110.909088135	
885	111.006492615	
886	110.967529297	
887	110.759742737	
888	110.983764648	
889	111.269477844	
890	111.175323486	
891	111.142860413	
892	111.009742737	
893	110.990257263	
894	111.068183899	
895	110.964286804	
896	111.113639832	
897	111.087661743	
898	110.993507385	
899	111.025970459	
900	110.847404480	
901	111.006492615	
902	111.058441162	
903	111.162338257	
904	110.970779419	
905	111.038963318	
906	110.892860413	
907	111.068183899	
908	111.103897095	
909	110.957794189	
910	110.775733948	
911	111.000000000	
912	111.145729065	
913	110.834358215	
914	111.023620605	
915	111.099998474	
916	111.314811707	
917	112.388885498	
918	NaN	
