0	112.702705383	
1	112.148651123	
2	112.036033630	
3	111.805366516	
4	111.962364197	
5	111.426010132	
6	111.365386963	
7	111.540267944	
8	110.983764648	
9	111.042205811	
10	111.090911865	
11	111.363639832	
12	111.545455933	
13	111.503250122	
14	111.311691284	
15	111.032470703	
16	111.136360168	
17	110.675323486	
18	110.217529297	
19	110.350646973	
20	110.120132446	
21	110.139610291	
22	110.363639832	
23	110.211036682	
24	110.233764648	
25	110.201301575	
26	110.282470703	
27	110.123374939	
28	110.295455933	
29	110.418830872	
30	110.675323486	
31	111.000000000	
32	111.600646973	
33	112.516235352	
34	113.019477844	
35	112.516235352	
36	112.545455933	
37	112.019477844	
38	111.928573608	
39	110.993507385	
40	111.207794189	
41	111.331169128	
42	112.467529297	
43	115.058441162	
44	118.340911865	
45	120.717529297	
46	121.785713196	
47	121.350646973	
48	119.948051453	
49	117.886360168	
50	115.321426392	
51	113.340911865	
52	111.756492615	
53	111.461036682	
54	111.022727966	
55	111.142860413	
56	111.019477844	
57	110.512985229	
58	110.584419250	
59	110.522727966	
60	110.792205811	
61	110.496749878	
62	110.211036682	
63	110.311691284	
64	110.957794189	
65	110.344154358	
66	110.262985229	
67	110.759742737	
68	110.211036682	
69	110.444808960	
70	110.483764648	
71	110.409088135	
72	110.870132446	
73	111.448051453	
74	111.834419250	
75	111.912338257	
76	112.262985229	
77	111.837661743	
78	111.808441162	
79	111.477272034	
80	111.269477844	
81	110.928573608	
82	111.883117676	
83	111.613639832	
84	112.896102905	
85	114.675323486	
86	115.970779419	
87	116.918830872	
88	116.525970459	
89	116.081169128	
90	114.344154358	
91	113.123374939	
92	112.266235352	
93	111.512985229	
94	111.087661743	
95	111.100646973	
96	111.012985229	
97	111.094154358	
98	111.152595520	
99	111.207794189	
100	111.555191040	
101	111.487014771	
102	111.951301575	
103	112.896102905	
104	115.363639832	
105	123.149353027	
106	147.253250122	
107	208.538955688	
108	317.688323975	
109	437.788970947	
110	534.840881348	
111	574.483764648	
112	548.399353027	
113	477.915588379	
114	373.685058594	
115	276.769470215	
116	211.762985229	
117	164.733764648	
118	143.038955688	
119	136.376617432	
120	134.240264893	
121	125.529220581	
122	118.314933777	
123	116.253250122	
124	115.386360168	
125	116.227272034	
126	118.285713196	
127	126.633117676	
128	152.490264893	
129	213.931823730	
130	307.990264893	
131	402.123382568	
132	469.847412109	
133	485.743499756	
134	452.009735107	
135	385.038970947	
136	296.792205811	
137	226.814941406	
138	177.490264893	
139	145.678573608	
140	133.094161987	
141	131.363632202	
142	127.740257263	
143	119.698051453	
144	115.850646973	
145	114.548698425	
146	115.152595520	
147	116.321426392	
148	116.496749878	
149	116.824676514	
150	116.474029541	
151	115.474029541	
152	114.646102905	
153	113.681816101	
154	112.870132446	
155	112.844154358	
156	112.941558838	
157	112.886360168	
158	112.483764648	
159	112.253250122	
160	112.253250122	
161	112.064933777	
162	111.639610291	
163	111.883117676	
164	111.555191040	
165	111.340911865	
166	111.256492615	
167	111.587661743	
168	111.717529297	
169	112.068183899	
170	112.392860413	
171	113.379867554	
172	116.230522156	
173	123.275970459	
174	146.866882324	
175	212.918838501	
176	341.250000000	
177	497.782470703	
178	629.600646973	
179	697.652587891	
180	674.496765137	
181	589.496765137	
182	460.584411621	
183	331.714294434	
184	245.912338257	
185	182.266235352	
186	152.467529297	
187	144.097396851	
188	142.451293945	
189	130.045455933	
190	120.636360168	
191	116.759742737	
192	115.555191040	
193	115.071426392	
194	114.974029541	
195	115.061691284	
196	117.038963318	
197	123.753250122	
198	142.743499756	
199	177.022720337	
200	212.964279175	
201	240.720779419	
202	251.428573608	
203	239.769485474	
204	215.350646973	
205	182.383117676	
206	155.941558838	
207	136.337661743	
208	125.003250122	
209	120.626625061	
210	120.139610291	
211	119.240257263	
212	116.431816101	
213	114.516235352	
214	113.467529297	
215	112.808441162	
216	112.129867554	
217	111.808441162	
218	111.538963318	
219	111.418830872	
220	111.688308716	
221	111.444808960	
222	112.016235352	
223	111.412338257	
224	111.522727966	
225	111.373374939	
226	111.347404480	
227	110.879867554	
228	111.107139587	
229	111.308441162	
230	111.337661743	
231	111.126625061	
232	111.493507385	
233	111.678573608	
234	111.730522156	
235	112.405845642	
236	114.318183899	
237	120.165580750	
238	137.600646973	
239	174.483764648	
240	222.136367798	
241	265.662322998	
242	288.639617920	
243	283.883117676	
244	257.506500244	
245	216.750000000	
246	178.006500244	
247	150.500000000	
248	131.711044312	
249	123.107139587	
250	120.574676514	
251	120.129867554	
252	116.616882324	
253	113.314933777	
254	112.029220581	
255	111.701301575	
256	111.587661743	
257	111.542205811	
258	111.211036682	
259	111.126625061	
260	111.405845642	
261	111.529220581	
262	111.415580750	
263	111.733764648	
264	111.649353027	
265	112.175323486	
266	112.165580750	
267	112.889610291	
268	115.068183899	
269	121.246749878	
270	140.201293945	
271	194.097396851	
272	305.396118164	
273	441.058441162	
274	559.711059570	
275	621.782470703	
276	598.811706543	
277	517.282470703	
278	399.928558350	
279	295.834411621	
280	218.798706055	
281	167.831161499	
282	146.516235352	
283	142.889617920	
284	141.639617920	
285	137.996749878	
286	155.512985229	
287	223.379867554	
288	380.616882324	
289	599.902587891	
290	798.597412109	
291	923.399353027	
292	914.600646973	
293	793.532470703	
294	611.178588867	
295	432.285705566	
296	303.165588379	
297	213.152603149	
298	171.769485474	
299	160.019485474	
300	155.818176270	
301	137.805191040	
302	123.675323486	
303	119.246749878	
304	115.980522156	
305	116.457794189	
306	113.538963318	
307	113.064933777	
308	112.775970459	
309	113.003250122	
310	113.113639832	
311	115.029220581	
312	119.444808960	
313	126.376625061	
314	132.120132446	
315	136.594161987	
316	136.860382080	
317	134.357147217	
318	130.811691284	
319	131.061691284	
320	141.370132446	
321	186.178573608	
322	320.535705566	
323	612.035705566	
324	1001.678588867	
325	1345.938354492	
326	1552.253295898	
327	1505.834472656	
328	1282.500000000	
329	952.831176758	
330	655.038940430	
331	428.581176758	
332	279.889617920	
333	214.915588379	
334	202.055191040	
335	193.535720825	
336	169.487014771	
337	175.753250122	
338	237.642852783	
339	347.662322998	
340	458.240264893	
341	536.922058105	
342	545.344177246	
343	487.688323975	
344	394.253234863	
345	295.603881836	
346	221.126617432	
347	168.905838013	
348	146.983764648	
349	136.444808960	
350	134.899353027	
351	126.464286804	
352	119.198051453	
353	116.457794189	
354	115.551948547	
355	114.568183899	
356	114.168830872	
357	113.870132446	
358	113.405845642	
359	112.431816101	
360	112.977272034	
361	112.110389709	
362	112.012985229	
363	112.496749878	
364	112.305191040	
365	112.227272034	
366	112.068183899	
367	111.724029541	
368	111.987014771	
369	111.860389709	
370	112.337661743	
371	112.512985229	
372	112.558441162	
373	113.006492615	
374	113.740257263	
375	115.941558838	
376	122.818183899	
377	143.266235352	
378	196.149353027	
379	285.818176270	
380	377.639617920	
381	444.970764160	
382	458.029235840	
383	416.204559326	
384	341.831176758	
385	261.733764648	
386	201.568176270	
387	158.474029541	
388	137.863632202	
389	131.704544067	
390	129.866882324	
391	122.724029541	
392	116.863639832	
393	114.292205811	
394	112.876625061	
395	112.438308716	
396	111.970779419	
397	111.762985229	
398	111.847404480	
399	111.698051453	
400	111.590911865	
401	112.029220581	
402	112.146102905	
403	112.451301575	
404	112.240257263	
405	112.259742737	
406	112.639610291	
407	112.318183899	
408	112.587661743	
409	112.944808960	
410	113.730522156	
411	115.727272034	
412	121.259742737	
413	139.353897095	
414	197.282470703	
415	333.347412109	
416	545.360412598	
417	745.866882324	
418	881.590881348	
419	883.327941895	
420	768.564941406	
421	588.818176270	
422	418.211029053	
423	283.461029053	
424	200.048706055	
425	164.431823730	
426	156.740264893	
427	149.457794189	
428	132.584411621	
429	121.665580750	
430	117.175323486	
431	114.948051453	
432	113.798698425	
433	113.071426392	
434	112.538963318	
435	111.853897095	
436	112.146102905	
437	111.931816101	
438	112.483764648	
439	112.633117676	
440	113.334419250	
441	115.701301575	
442	123.227272034	
443	146.331161499	
444	198.152603149	
445	266.766235352	
446	325.827911377	
447	357.363647461	
448	345.071441650	
449	298.925323486	
450	240.980514526	
451	190.970779419	
452	153.808441162	
453	134.600646973	
454	127.233764648	
455	126.107139587	
456	122.275970459	
457	117.659088135	
458	115.194808960	
459	113.964286804	
460	114.090911865	
461	115.074676514	
462	117.970779419	
463	124.957794189	
464	148.574676514	
465	220.051940918	
466	385.009735107	
467	634.889587402	
468	865.152587891	
469	1013.542236328	
470	1002.928588867	
471	851.461059570	
472	641.675354004	
473	449.772735596	
474	295.464294434	
475	209.042205811	
476	174.298706055	
477	168.376617432	
478	155.801940918	
479	134.837661743	
480	123.344154358	
481	118.292205811	
482	116.217529297	
483	115.396102905	
484	114.344154358	
485	113.652595520	
486	112.805191040	
487	112.866882324	
488	112.301948547	
489	112.512985229	
490	112.691558838	
491	112.704544067	
492	112.883117676	
493	113.035713196	
494	113.470779419	
495	113.850646973	
496	114.399353027	
497	115.503250122	
498	117.301948547	
499	123.340911865	
500	142.318176270	
501	202.623382568	
502	365.240264893	
503	688.123352051	
504	1060.438354492	
505	1357.152587891	
506	1467.694824219	
507	1326.129882812	
508	1040.363647461	
509	733.938293457	
510	477.399353027	
511	304.107147217	
512	227.857147217	
513	212.649353027	
514	225.996749878	
515	262.019470215	
516	436.918823242	
517	889.019470215	
518	1596.837646484	
519	2250.090820312	
520	2672.337646484	
521	2641.811767578	
522	2206.941650391	
523	1609.331176758	
524	1066.097412109	
525	627.087646484	
526	387.711029053	
527	294.016235352	
528	281.198059082	
529	234.487014771	
530	173.409088135	
531	141.198059082	
532	129.032470703	
533	123.074676514	
534	119.928573608	
535	117.327919006	
536	115.730522156	
537	114.344154358	
538	113.461036682	
539	112.824676514	
540	114.068183899	
541	113.064933777	
542	112.405845642	
543	112.597404480	
544	112.642860413	
545	112.561691284	
546	112.918830872	
547	113.055191040	
548	112.964286804	
549	112.922080994	
550	113.142860413	
551	113.038963318	
552	113.146102905	
553	113.155845642	
554	113.058441162	
555	112.977272034	
556	112.545455933	
557	112.500000000	
558	112.422080994	
559	112.405845642	
560	112.474029541	
561	112.233764648	
562	112.457794189	
563	112.162338257	
564	112.490257263	
565	111.967529297	
566	112.282470703	
567	112.392860413	
568	112.240257263	
569	112.376625061	
570	112.512985229	
571	111.987014771	
572	112.253250122	
573	112.256492615	
574	112.022727966	
575	112.181816101	
576	112.123374939	
577	112.396102905	
578	112.025970459	
579	112.353897095	
580	112.444808960	
581	112.250000000	
582	112.331169128	
583	112.058441162	
584	112.425323486	
585	112.584419250	
586	112.633117676	
587	112.873374939	
588	113.084419250	
589	113.415580750	
590	114.337661743	
591	115.779220581	
592	119.889610291	
593	132.964279175	
594	174.759735107	
595	297.477264404	
596	566.909118652	
597	926.461059570	
598	1226.068237305	
599	1376.967529297	
600	1280.285766602	
601	1019.087646484	
602	730.139587402	
603	467.366882324	
604	294.899353027	
605	216.259735107	
606	194.207794189	
607	183.594161987	
608	153.256500244	
609	131.737014771	
610	122.084419250	
611	119.025970459	
612	118.327919006	
613	121.938308716	
614	136.668838501	
615	180.581161499	
616	280.301940918	
617	411.701293945	
618	519.717529297	
619	570.376647949	
620	529.678588867	
621	429.551940918	
622	322.353881836	
623	229.152603149	
624	170.542205811	
625	146.074676514	
626	139.720779419	
627	135.470779419	
628	125.071426392	
629	117.866882324	
630	115.136360168	
631	114.142860413	
632	113.246749878	
633	112.353897095	
634	111.974029541	
635	112.298698425	
636	111.769477844	
637	111.840911865	
638	111.597404480	
639	112.087661743	
640	111.694808960	
641	111.847404480	
642	111.808441162	
643	112.016235352	
644	111.782470703	
645	112.181816101	
646	111.857139587	
647	111.792205811	
648	111.444808960	
649	111.646102905	
650	111.642860413	
651	111.642860413	
652	112.574676514	
653	111.603897095	
654	111.769477844	
655	111.707794189	
656	111.753250122	
657	111.792205811	
658	111.866882324	
659	112.126625061	
660	112.701301575	
661	113.084419250	
662	114.886360168	
663	119.480522156	
664	134.883117676	
665	183.269485474	
666	295.740264893	
667	454.451293945	
668	590.006469727	
669	663.353881836	
670	623.555175781	
671	505.340911865	
672	374.392852783	
673	256.636352539	
674	185.009735107	
675	153.142852783	
676	144.652603149	
677	138.883117676	
678	126.795455933	
679	118.561691284	
680	115.818183899	
681	113.892860413	
682	113.324676514	
683	112.344154358	
684	112.016235352	
685	111.905845642	
686	111.730522156	
687	111.551948547	
688	111.581169128	
689	111.600646973	
690	111.711036682	
691	111.457794189	
692	111.535713196	
693	111.922080994	
694	111.603897095	
695	111.561691284	
696	111.740257263	
697	111.678573608	
698	111.889610291	
699	111.685066223	
700	111.639610291	
701	111.642860413	
702	111.441558838	
703	111.607139587	
704	111.409088135	
705	111.834419250	
706	111.831169128	
707	112.477272034	
708	112.918830872	
709	113.376625061	
710	113.422080994	
711	113.142860413	
712	112.483764648	
713	112.077919006	
714	111.883117676	
715	111.769477844	
716	111.912338257	
717	112.168830872	
718	112.461036682	
719	112.470779419	
720	113.301948547	
721	113.785713196	
722	115.587661743	
723	120.594154358	
724	136.175323486	
725	189.655838013	
726	328.733764648	
727	571.863647461	
728	811.610412598	
729	974.717529297	
730	974.743530273	
731	807.486999512	
732	597.753234863	
733	392.149353027	
734	253.412338257	
735	189.607147217	
736	169.990264893	
737	160.970779419	
738	141.344161987	
739	126.204544067	
740	118.688308716	
741	115.808441162	
742	114.662338257	
743	113.733764648	
744	113.113639832	
745	112.422080994	
746	112.139610291	
747	112.155845642	
748	112.159088135	
749	112.009742737	
750	114.701301575	
751	113.162338257	
752	115.386360168	
753	120.094154358	
754	137.084411621	
755	189.103897095	
756	308.918823242	
757	474.876617432	
758	613.886352539	
759	679.876647949	
760	628.824645996	
761	500.503234863	
762	359.928558350	
763	242.493499756	
764	178.675323486	
765	152.990264893	
766	146.922073364	
767	137.412338257	
768	124.191558838	
769	118.077919006	
770	115.038963318	
771	113.808441162	
772	113.246749878	
773	112.775970459	
774	112.207794189	
775	112.792205811	
776	111.798698425	
777	111.551948547	
778	111.915580750	
779	111.311691284	
780	111.253250122	
781	111.678573608	
782	111.616882324	
783	111.698051453	
784	111.467529297	
785	111.642860413	
786	111.662338257	
787	111.772727966	
788	111.383117676	
789	111.724029541	
790	111.529220581	
791	111.431816101	
792	111.405845642	
793	111.493507385	
794	111.425323486	
795	111.405845642	
796	111.337661743	
797	111.350646973	
798	111.272727966	
799	111.314933777	
800	110.938308716	
801	111.123374939	
802	111.051948547	
803	111.269477844	
804	111.211036682	
805	111.074676514	
806	111.500000000	
807	111.097404480	
808	110.922080994	
809	111.555191040	
810	111.477272034	
811	110.941558838	
812	111.357139587	
813	111.178573608	
814	111.331169128	
815	111.081169128	
816	111.181816101	
817	110.993507385	
818	111.340911865	
819	111.288963318	
820	111.392860413	
821	111.561691284	
822	111.915580750	
823	110.866882324	
824	111.110389709	
825	111.279220581	
826	111.165580750	
827	111.133117676	
828	111.538963318	
829	111.490257263	
830	111.110389709	
831	111.207794189	
832	111.149353027	
833	111.090911865	
834	111.204544067	
835	111.285713196	
836	111.392860413	
837	111.064933777	
838	111.035713196	
839	111.152595520	
840	111.428573608	
841	111.152595520	
842	111.178573608	
843	111.337661743	
844	111.165580750	
845	111.191558838	
846	111.185066223	
847	111.185066223	
848	111.383117676	
849	111.250000000	
850	111.250000000	
851	111.308441162	
852	111.220779419	
853	111.386360168	
854	111.224029541	
855	111.071426392	
856	111.383117676	
857	113.042205811	
858	111.470779419	
859	111.308441162	
860	111.191558838	
861	111.230522156	
862	111.318183899	
863	111.262985229	
864	111.431816101	
865	111.051948547	
866	111.009742737	
867	111.237014771	
868	111.422080994	
869	111.327919006	
870	111.181816101	
871	111.240257263	
872	111.301948547	
873	111.074676514	
874	111.301948547	
875	111.551948547	
876	111.477272034	
877	111.321426392	
878	111.389610291	
879	112.957794189	
880	111.344154358	
881	111.607139587	
882	111.246749878	
883	111.305191040	
884	111.373374939	
885	111.405845642	
886	111.545455933	
887	111.253250122	
888	111.672080994	
889	111.512985229	
890	111.844154358	
891	111.503250122	
892	111.724029541	
893	111.678573608	
894	111.769477844	
895	111.740257263	
896	111.889610291	
897	112.045455933	
898	111.545455933	
899	111.428573608	
900	111.805191040	
901	111.646102905	
902	111.788963318	
903	111.775970459	
904	111.779220581	
905	111.788963318	
906	112.090911865	
907	111.795455933	
908	296.941558838	
909	320.133117676	
910	112.110702515	
911	112.431625366	
912	112.532997131	
913	113.037734985	
914	114.385246277	
915	116.764709473	
916	125.791664124	
917	141.600006104	
918	NaN	
