0	114.976745605	
1	114.813957214	
2	114.790695190	
3	114.534881592	
4	114.279067993	
5	114.282943726	
6	113.993354797	
7	113.733764648	
8	113.899353027	
9	113.957794189	
10	113.863639832	
11	113.870132446	
12	114.152595520	
13	114.074676514	
14	113.775970459	
15	114.279220581	
16	113.431816101	
17	113.470779419	
18	113.204544067	
19	112.974029541	
20	112.870132446	
21	113.097404480	
22	112.392860413	
23	112.594154358	
24	112.636360168	
25	112.467529297	
26	112.915580750	
27	113.165580750	
28	112.944808960	
29	113.467529297	
30	114.376625061	
31	114.720779419	
32	116.120132446	
33	116.298698425	
34	116.431816101	
35	116.639610291	
36	116.542205811	
37	115.792205811	
38	115.616882324	
39	115.759742737	
40	116.318183899	
41	118.379867554	
42	121.191558838	
43	124.301948547	
44	127.642860413	
45	129.775970459	
46	130.866882324	
47	130.577926636	
48	128.840911865	
49	126.305191040	
50	123.107139587	
51	119.847404480	
52	117.243507385	
53	114.899353027	
54	113.886360168	
55	113.295455933	
56	113.454544067	
57	113.444808960	
58	112.889610291	
59	112.694808960	
60	112.698051453	
61	112.662338257	
62	112.668830872	
63	112.918830872	
64	113.100646973	
65	112.675323486	
66	113.435066223	
67	112.584419250	
68	112.909088135	
69	113.198051453	
70	113.224029541	
71	114.003250122	
72	114.461036682	
73	114.935066223	
74	115.438308716	
75	115.970779419	
76	116.003250122	
77	115.769477844	
78	115.772727966	
79	115.516235352	
80	115.003250122	
81	116.331169128	
82	116.506492615	
83	118.188308716	
84	119.386360168	
85	121.422080994	
86	122.129867554	
87	123.250000000	
88	122.785713196	
89	121.581169128	
90	120.883117676	
91	118.798698425	
92	117.311691284	
93	115.344154358	
94	114.519477844	
95	114.051948547	
96	113.970779419	
97	114.159088135	
98	114.149353027	
99	114.003250122	
100	114.396102905	
101	115.886360168	
102	120.305191040	
103	131.769485474	
104	159.902603149	
105	225.727279663	
106	338.126617432	
107	461.503234863	
108	582.136352539	
109	691.392883301	
110	773.113647461	
111	814.288940430	
112	791.633117676	
113	725.834411621	
114	609.558471680	
115	478.431823730	
116	357.733764648	
117	248.990264893	
118	180.730514526	
119	152.626617432	
120	142.756500244	
121	141.756500244	
122	139.058441162	
123	132.379867554	
124	130.733764648	
125	139.853897095	
126	168.363632202	
127	233.535720825	
128	329.681823730	
129	428.951293945	
130	526.159118652	
131	611.834411621	
132	667.123352051	
133	684.009765625	
134	653.026000977	
135	587.396118164	
136	482.425323486	
137	380.792205811	
138	282.405853271	
139	200.461044312	
140	157.980514526	
141	141.701293945	
142	136.701293945	
143	137.012985229	
144	133.363632202	
145	127.454544067	
146	124.490257263	
147	124.168830872	
148	123.850646973	
149	123.133117676	
150	122.818183899	
151	122.139610291	
152	120.892860413	
153	119.743507385	
154	118.298698425	
155	117.529220581	
156	116.944808960	
157	116.470779419	
158	116.266235352	
159	116.581169128	
160	115.477272034	
161	115.240257263	
162	114.987014771	
163	114.961036682	
164	114.766235352	
165	114.480522156	
166	114.704544067	
167	115.094154358	
168	115.944808960	
169	116.944808960	
170	120.756492615	
171	133.142852783	
172	163.402603149	
173	235.347396851	
174	370.191558838	
175	524.896118164	
176	679.538940430	
177	823.727294922	
178	932.009765625	
179	985.500000000	
180	970.720764160	
181	899.263000488	
182	757.386352539	
183	594.412353516	
184	440.513000488	
185	296.964294434	
186	205.094161987	
187	166.344161987	
188	151.480514526	
189	149.753250122	
190	145.025970459	
191	134.805191040	
192	126.350646973	
193	123.889610291	
194	126.022727966	
195	133.814941406	
196	154.237014771	
197	188.152603149	
198	224.954544067	
199	260.551940918	
200	292.522735596	
201	314.801940918	
202	323.321441650	
203	313.444793701	
204	292.318176270	
205	254.090911865	
206	216.396102905	
207	179.909088135	
208	149.983764648	
209	133.558441162	
210	127.279220581	
211	124.948051453	
212	124.529220581	
213	122.652595520	
214	119.590911865	
215	117.175323486	
216	116.012985229	
217	114.983764648	
218	114.928573608	
219	114.519477844	
220	114.217529297	
221	114.019477844	
222	114.594154358	
223	114.237014771	
224	113.792205811	
225	113.886360168	
226	113.847404480	
227	113.730522156	
228	113.831169128	
229	114.032470703	
230	114.220779419	
231	113.967529297	
232	114.701301575	
233	115.782470703	
234	118.422080994	
235	126.512985229	
236	146.477279663	
237	186.305191040	
238	235.116882324	
239	281.701293945	
240	327.736999512	
241	362.321441650	
242	378.597412109	
243	374.678558350	
244	356.334411621	
245	312.603881836	
246	262.204559326	
247	214.808441162	
248	170.259735107	
249	141.944808960	
250	130.350646973	
251	124.753250122	
252	124.165580750	
253	122.438308716	
254	119.224029541	
255	116.490257263	
256	115.201301575	
257	114.389610291	
258	114.415580750	
259	114.188308716	
260	114.318183899	
261	114.162338257	
262	114.204544067	
263	114.688308716	
264	114.672080994	
265	116.152595520	
266	119.512985229	
267	129.577926636	
268	155.006500244	
269	216.211044312	
270	333.844146729	
271	470.461029053	
272	604.967529297	
273	727.824645996	
274	818.655822754	
275	856.220764160	
276	844.327941895	
277	784.298706055	
278	658.058471680	
279	518.159118652	
280	385.493499756	
281	266.038970947	
282	196.162338257	
283	178.097396851	
284	200.370132446	
285	281.201293945	
286	447.188323975	
287	656.957763672	
288	866.379882812	
289	1061.990234375	
290	1215.402587891	
291	1293.938354492	
292	1289.782470703	
293	1213.100708008	
294	1031.954589844	
295	800.415588379	
296	585.529235840	
297	382.548706055	
298	250.009735107	
299	191.100646973	
300	167.756500244	
301	163.646102905	
302	157.100646973	
303	140.340911865	
304	127.766235352	
305	123.594154358	
306	119.243507385	
307	118.214286804	
308	118.412338257	
309	119.866882324	
310	124.357139587	
311	130.584411621	
312	137.298706055	
313	143.422073364	
314	148.474029541	
315	151.759735107	
316	155.383117676	
317	161.457794189	
318	181.987014771	
319	239.055191040	
320	387.513000488	
321	697.961059570	
322	1082.824707031	
323	1460.785766602	
324	1802.162353516	
325	2056.467529297	
326	2178.558349609	
327	2162.902587891	
328	2013.899291992	
329	1681.087646484	
330	1280.746704102	
331	902.422058105	
332	557.574645996	
333	347.016235352	
334	266.779235840	
335	268.013000488	
336	344.279235840	
337	440.736999512	
338	528.464294434	
339	614.983764648	
340	692.246765137	
341	736.986999512	
342	741.136352539	
343	707.337646484	
344	621.220764160	
345	499.681823730	
346	384.201293945	
347	276.314941406	
348	195.360382080	
349	158.246749878	
350	144.493499756	
351	141.698059082	
352	138.587661743	
353	131.155838013	
354	124.733764648	
355	121.353897095	
356	119.555191040	
357	118.055191040	
358	117.227272034	
359	117.081169128	
360	115.925323486	
361	115.577919006	
362	115.516235352	
363	114.977272034	
364	114.938308716	
365	114.886360168	
366	115.019477844	
367	114.944808960	
368	115.301948547	
369	115.321426392	
370	115.685066223	
371	116.256492615	
372	117.538963318	
373	121.487014771	
374	131.733764648	
375	157.418838501	
376	217.090911865	
377	308.711029053	
378	403.185058594	
379	489.142852783	
380	561.662353516	
381	604.081176758	
382	610.409118652	
383	587.970764160	
384	522.425354004	
385	427.048706055	
386	335.467529297	
387	245.626617432	
388	180.253250122	
389	149.240264893	
390	137.055191040	
391	134.798706055	
392	131.412338257	
393	125.616882324	
394	119.879867554	
395	117.149353027	
396	115.655845642	
397	114.896102905	
398	114.827919006	
399	114.616882324	
400	114.474029541	
401	114.925323486	
402	115.360389709	
403	114.883117676	
404	115.136360168	
405	115.655845642	
406	115.613639832	
407	115.967529297	
408	117.055191040	
409	120.477272034	
410	130.519485474	
411	157.701293945	
412	225.438308716	
413	378.961029053	
414	591.772705078	
415	801.074645996	
416	991.750000000	
417	1139.279174805	
418	1212.600708008	
419	1211.957763672	
420	1146.824707031	
421	981.954528809	
422	768.957763672	
423	560.668823242	
424	367.756500244	
425	240.256500244	
426	183.194808960	
427	162.207794189	
428	158.691558838	
429	148.931823730	
430	134.301940918	
431	124.620132446	
432	119.340911865	
433	117.292205811	
434	116.503250122	
435	115.740257263	
436	115.327919006	
437	115.811691284	
438	117.233764648	
439	121.250000000	
440	132.129867554	
441	159.912338257	
442	216.259735107	
443	284.379882812	
444	349.314941406	
445	406.081176758	
446	445.282470703	
447	459.977264404	
448	455.094146729	
449	424.957794189	
450	365.909088135	
451	298.366882324	
452	232.678573608	
453	177.571426392	
454	146.529220581	
455	134.490264893	
456	132.207794189	
457	132.467529297	
458	131.480514526	
459	131.467529297	
460	136.308441162	
461	150.948059082	
462	186.506500244	
463	270.977264404	
464	454.425323486	
465	701.756469727	
466	940.201293945	
467	1149.607177734	
468	1306.197998047	
469	1373.477294922	
470	1370.659057617	
471	1285.493530273	
472	1089.016235352	
473	841.201293945	
474	603.142883301	
475	383.788970947	
476	248.581161499	
477	193.000000000	
478	174.133117676	
479	170.503250122	
480	155.675323486	
481	139.133117676	
482	127.185066223	
483	121.902595520	
484	119.331169128	
485	118.564933777	
486	117.535713196	
487	116.237014771	
488	116.457794189	
489	116.545455933	
490	116.250000000	
491	116.626625061	
492	116.860389709	
493	117.224029541	
494	118.717529297	
495	120.077919006	
496	123.532470703	
497	134.626617432	
498	166.500000000	
499	244.821426392	
500	436.750000000	
501	774.493530273	
502	1145.155883789	
503	1483.396118164	
504	1764.120117188	
505	1925.464233398	
506	1970.334472656	
507	1912.772705078	
508	1707.168823242	
509	1363.866943359	
510	1013.009765625	
511	677.941528320	
512	452.003234863	
513	423.779235840	
514	609.055175781	
515	1122.545410156	
516	1815.821411133	
517	2464.168945312	
518	3041.552001953	
519	3468.743408203	
520	3652.629882812	
521	3647.389648438	
522	3403.636474609	
523	2861.918945312	
524	2161.633056641	
525	1492.727294922	
526	876.526000977	
527	501.922088623	
528	343.866882324	
529	295.103881836	
530	276.474029541	
531	228.964279175	
532	180.740264893	
533	149.185058594	
534	135.097396851	
535	128.974029541	
536	125.477272034	
537	124.058441162	
538	126.402595520	
539	138.191558838	
540	180.435058594	
541	331.733764648	
542	711.038940430	
543	1276.032470703	
544	1863.584472656	
545	2467.123291016	
546	2897.974121094	
547	3101.519531250	
548	3106.688232422	
549	2933.818115234	
550	2629.740234375	
551	2102.214355469	
552	1481.733764648	
553	889.379882812	
554	452.094146729	
555	252.262985229	
556	180.892852783	
557	155.185058594	
558	143.282470703	
559	132.370132446	
560	124.295455933	
561	120.551948547	
562	118.211036682	
563	117.207794189	
564	116.691558838	
565	116.383117676	
566	116.022727966	
567	115.951301575	
568	115.840911865	
569	115.243507385	
570	115.295455933	
571	115.542205811	
572	115.717529297	
573	115.409088135	
574	115.545455933	
575	115.311691284	
576	115.282470703	
577	115.555191040	
578	115.409088135	
579	115.620132446	
580	115.659088135	
581	115.337661743	
582	115.636360168	
583	115.662338257	
584	115.905845642	
585	115.922080994	
586	116.392860413	
587	116.711036682	
588	118.327919006	
589	120.685066223	
590	128.331161499	
591	150.954544067	
592	211.100646973	
593	356.886352539	
594	654.513000488	
595	1003.584411621	
596	1326.776000977	
597	1590.944824219	
598	1755.282470703	
599	1809.655883789	
600	1771.305175781	
601	1612.600708008	
602	1317.353881836	
603	980.642883301	
604	652.931823730	
605	401.136352539	
606	282.386352539	
607	247.181823730	
608	253.285720825	
609	246.753250122	
610	229.022720337	
611	219.743499756	
612	229.090911865	
613	276.074676514	
614	371.782470703	
615	481.821441650	
616	581.422058105	
617	666.253234863	
618	713.743530273	
619	727.409118652	
620	710.980529785	
621	650.811706543	
622	540.616882324	
623	416.129882812	
624	297.736999512	
625	206.983764648	
626	161.775970459	
627	146.509735107	
628	143.237014771	
629	136.642852783	
630	129.152603149	
631	122.516235352	
632	118.600646973	
633	117.172080994	
634	116.253250122	
635	115.292205811	
636	114.801948547	
637	114.623374939	
638	114.428573608	
639	114.925323486	
640	114.211036682	
641	114.168830872	
642	114.110389709	
643	114.253250122	
644	114.220779419	
645	114.516235352	
646	114.574676514	
647	113.857139587	
648	114.250000000	
649	114.191558838	
650	114.178573608	
651	114.772727966	
652	114.201301575	
653	114.155845642	
654	114.256492615	
655	114.344154358	
656	114.165580750	
657	114.750000000	
658	115.165580750	
659	115.990257263	
660	119.331169128	
661	127.870132446	
662	151.068176270	
663	210.389617920	
664	337.425323486	
665	491.727264404	
666	635.659118652	
667	753.698059082	
668	823.181823730	
669	845.236999512	
670	824.896118164	
671	761.405822754	
672	640.470764160	
673	490.847412109	
674	346.331176758	
675	230.896102905	
676	173.480514526	
677	152.474029541	
678	147.185058594	
679	139.454544067	
680	130.149353027	
681	122.227272034	
682	118.487014771	
683	116.607139587	
684	116.012985229	
685	114.737014771	
686	114.314933777	
687	114.269477844	
688	113.831169128	
689	114.295455933	
690	113.970779419	
691	113.707794189	
692	113.905845642	
693	114.178573608	
694	114.016235352	
695	114.045455933	
696	114.266235352	
697	113.912338257	
698	114.087661743	
699	113.996749878	
700	113.769477844	
701	113.779220581	
702	114.142860413	
703	113.912338257	
704	114.344154358	
705	115.025970459	
706	115.506492615	
707	115.772727966	
708	116.344154358	
709	116.431816101	
710	116.487014771	
711	116.185066223	
712	115.652595520	
713	115.827919006	
714	115.074676514	
715	115.194808960	
716	114.779220581	
717	115.188308716	
718	115.860389709	
719	116.788963318	
720	120.185066223	
721	129.623382568	
722	156.529220581	
723	223.834411621	
724	387.532470703	
725	637.360412598	
726	872.837646484	
727	1073.574707031	
728	1209.750000000	
729	1262.480468750	
730	1247.571411133	
731	1174.860351562	
732	1017.970764160	
733	788.058471680	
734	551.548706055	
735	345.003234863	
736	228.237014771	
737	184.087661743	
738	171.899353027	
739	159.409088135	
740	143.477279663	
741	129.785720825	
742	121.750000000	
743	118.590911865	
744	117.480522156	
745	116.253250122	
746	115.532470703	
747	115.071426392	
748	115.652595520	
749	116.275970459	
750	121.396102905	
751	128.633117676	
752	153.967529297	
753	217.279220581	
754	351.928558350	
755	512.636352539	
756	659.616882324	
757	773.538940430	
758	833.698059082	
759	845.925354004	
760	821.220764160	
761	755.727294922	
762	628.399353027	
763	477.610382080	
764	328.811676025	
765	219.685058594	
766	169.834411621	
767	153.584411621	
768	147.314941406	
769	138.016235352	
770	127.740257263	
771	121.363639832	
772	117.795455933	
773	116.516235352	
774	115.876625061	
775	114.383117676	
776	114.285713196	
777	113.905845642	
778	113.753250122	
779	113.707794189	
780	113.850646973	
781	113.711036682	
782	114.172080994	
783	114.230522156	
784	114.581169128	
785	114.990257263	
786	114.905845642	
787	114.724029541	
788	114.772727966	
789	114.480522156	
790	114.162338257	
791	114.230522156	
792	113.766235352	
793	113.431816101	
794	113.766235352	
795	113.269477844	
796	113.334419250	
797	113.529220581	
798	113.409088135	
799	113.487014771	
800	113.688308716	
801	113.097404480	
802	113.321426392	
803	113.409088135	
804	113.574676514	
805	113.558441162	
806	113.623374939	
807	113.740257263	
808	113.477272034	
809	113.746749878	
810	113.756492615	
811	113.659088135	
812	113.370132446	
813	113.308441162	
814	113.136360168	
815	113.142860413	
816	113.503250122	
817	113.178573608	
818	113.032470703	
819	113.207794189	
820	114.467529297	
821	114.107139587	
822	116.522727966	
823	121.769477844	
824	127.422080994	
825	134.253250122	
826	138.350646973	
827	139.574676514	
828	139.886367798	
829	139.707794189	
830	138.048706055	
831	134.211044312	
832	128.094161987	
833	121.665580750	
834	116.636360168	
835	114.295455933	
836	113.483764648	
837	113.327919006	
838	112.987014771	
839	112.983764648	
840	112.922080994	
841	112.801948547	
842	112.980522156	
843	113.032470703	
844	113.084419250	
845	113.399353027	
846	113.259742737	
847	113.366882324	
848	113.405845642	
849	112.905845642	
850	113.155845642	
851	113.133117676	
852	113.357139587	
853	113.470779419	
854	113.084419250	
855	113.188308716	
856	113.123374939	
857	114.983764648	
858	113.253250122	
859	113.558441162	
860	113.253250122	
861	113.116882324	
862	113.029220581	
863	113.087661743	
864	113.032470703	
865	113.506492615	
866	113.321426392	
867	113.331169128	
868	113.172080994	
869	113.301948547	
870	113.659088135	
871	113.344154358	
872	113.623374939	
873	113.587661743	
874	113.925323486	
875	114.032470703	
876	114.155845642	
877	114.146102905	
878	114.204544067	
879	115.704544067	
880	114.110389709	
881	113.844154358	
882	114.022727966	
883	113.899353027	
884	113.691558838	
885	113.938308716	
886	113.844154358	
887	113.912338257	
888	114.087661743	
889	114.149353027	
890	114.006492615	
891	113.980522156	
892	114.000000000	
893	114.035713196	
894	114.139610291	
895	114.191558838	
896	113.753250122	
897	114.058441162	
898	113.818183899	
899	114.012985229	
900	113.863639832	
901	113.983764648	
902	114.058441162	
903	114.191558838	
904	114.090911865	
905	114.279220581	
906	114.340911865	
907	114.246749878	
908	114.493507385	
909	114.629867554	
910	114.762260437	
911	115.671173096	
912	117.424583435	
913	124.147056580	
914	144.172042847	
915	195.419998169	
916	260.428558350	
917	NaN	
