0	113.555557251	
1	114.095893860	
2	113.871559143	
3	113.732879639	
4	113.497268677	
5	113.447486877	
6	113.304687500	
7	113.047943115	
8	113.074676514	
9	112.837661743	
10	112.834419250	
11	112.873374939	
12	112.590911865	
13	112.665580750	
14	112.360389709	
15	112.159088135	
16	112.282470703	
17	111.964286804	
18	111.951301575	
19	112.045455933	
20	112.168830872	
21	112.149353027	
22	112.120132446	
23	112.142860413	
24	112.227272034	
25	111.837661743	
26	111.977272034	
27	111.840911865	
28	111.961036682	
29	112.006492615	
30	111.948051453	
31	111.740257263	
32	111.915580750	
33	112.000000000	
34	112.204544067	
35	112.016235352	
36	111.879867554	
37	111.827919006	
38	112.282470703	
39	111.977272034	
40	111.775970459	
41	112.006492615	
42	111.860389709	
43	111.840911865	
44	111.694808960	
45	111.850646973	
46	112.012985229	
47	112.123374939	
48	111.896102905	
49	112.051948547	
50	111.795455933	
51	111.876625061	
52	112.061691284	
53	111.909088135	
54	111.954544067	
55	111.831169128	
56	111.902595520	
57	111.824676514	
58	112.100646973	
59	111.925323486	
60	111.922080994	
61	111.993507385	
62	111.840911865	
63	112.055191040	
64	112.045455933	
65	111.795455933	
66	111.564933777	
67	112.110389709	
68	111.788963318	
69	111.970779419	
70	112.012985229	
71	111.623374939	
72	111.811691284	
73	111.948051453	
74	111.626625061	
75	111.990257263	
76	111.691558838	
77	111.866882324	
78	111.779220581	
79	111.717529297	
80	111.801948547	
81	111.668830872	
82	112.743507385	
83	111.883117676	
84	111.574676514	
85	111.801948547	
86	111.538963318	
87	111.970779419	
88	111.831169128	
89	111.883117676	
90	111.415580750	
91	111.691558838	
92	111.782470703	
93	111.814933777	
94	111.821426392	
95	111.613639832	
96	111.821426392	
97	112.055191040	
98	111.873374939	
99	111.935066223	
100	112.288963318	
101	111.866882324	
102	111.756492615	
103	112.363639832	
104	111.652595520	
105	111.944808960	
106	112.198051453	
107	111.805191040	
108	111.905845642	
109	111.954544067	
110	111.733764648	
111	111.990257263	
112	112.139610291	
113	112.100646973	
114	111.883117676	
115	111.711036682	
116	112.016235352	
117	112.025970459	
118	111.905845642	
119	112.185066223	
120	112.081169128	
121	111.902595520	
122	111.870132446	
123	112.035713196	
124	111.853897095	
125	111.519477844	
126	111.584419250	
127	111.831169128	
128	112.061691284	
129	111.681816101	
130	111.769477844	
131	111.983764648	
132	111.905845642	
133	111.610389709	
134	111.665580750	
135	112.038963318	
136	111.769477844	
137	111.980522156	
138	111.724029541	
139	111.996749878	
140	111.818183899	
141	111.860389709	
142	111.941558838	
143	111.834419250	
144	111.668830872	
145	111.675323486	
146	111.672080994	
147	112.061691284	
148	111.649353027	
149	111.590911865	
150	111.821426392	
151	112.000000000	
152	111.863639832	
153	111.652595520	
154	111.912338257	
155	112.074676514	
156	111.922080994	
157	111.581169128	
158	111.899353027	
159	112.185066223	
160	111.665580750	
161	111.814933777	
162	112.103897095	
163	111.818183899	
164	111.665580750	
165	112.035713196	
166	111.834419250	
167	111.801948547	
168	112.217529297	
169	112.016235352	
170	111.844154358	
171	111.980522156	
172	112.087661743	
173	111.879867554	
174	112.123374939	
175	111.620132446	
176	111.756492615	
177	111.961036682	
178	111.795455933	
179	111.753250122	
180	111.704544067	
181	111.558441162	
182	111.678573608	
183	112.081169128	
184	111.811691284	
185	111.636360168	
186	111.613639832	
187	111.727272034	
188	111.665580750	
189	111.512985229	
190	111.993507385	
191	111.477272034	
192	111.753250122	
193	111.701301575	
194	111.633117676	
195	111.782470703	
196	112.094154358	
197	111.795455933	
198	111.698051453	
199	111.633117676	
200	111.980522156	
201	111.902595520	
202	111.837661743	
203	111.740257263	
204	112.097404480	
205	111.948051453	
206	111.983764648	
207	111.675323486	
208	111.801948547	
209	111.814933777	
210	111.957794189	
211	111.844154358	
212	111.827919006	
213	111.840911865	
214	111.935066223	
215	111.769477844	
216	111.970779419	
217	111.961036682	
218	111.857139587	
219	111.912338257	
220	111.672080994	
221	111.756492615	
222	112.084419250	
223	111.899353027	
224	111.772727966	
225	111.785713196	
226	111.909088135	
227	111.756492615	
228	111.694808960	
229	111.772727966	
230	111.698051453	
231	111.724029541	
232	111.759742737	
233	111.711036682	
234	111.873374939	
235	111.665580750	
236	111.762985229	
237	111.652595520	
238	111.941558838	
239	112.051948547	
240	111.912338257	
241	113.503250122	
242	112.535713196	
243	112.490257263	
244	112.555191040	
245	112.493507385	
246	112.701301575	
247	112.061691284	
248	112.055191040	
249	112.256492615	
250	112.133117676	
251	112.074676514	
252	112.107139587	
253	112.016235352	
254	112.012985229	
255	111.915580750	
256	111.941558838	
257	112.029220581	
258	112.016235352	
259	111.746749878	
260	112.003250122	
261	111.769477844	
262	111.957794189	
263	111.857139587	
264	111.863639832	
265	111.798698425	
266	111.633117676	
267	111.840911865	
268	111.870132446	
269	111.818183899	
270	111.678573608	
271	111.564933777	
272	111.480522156	
273	111.961036682	
274	111.597404480	
275	113.487014771	
276	111.678573608	
277	111.662338257	
278	111.678573608	
279	111.818183899	
280	111.818183899	
281	111.613639832	
282	111.772727966	
283	111.616882324	
284	111.909088135	
285	111.597404480	
286	111.720779419	
287	111.954544067	
288	111.831169128	
289	112.146102905	
290	112.431816101	
291	112.675323486	
292	112.954544067	
293	113.266235352	
294	113.935066223	
295	113.675323486	
296	113.902595520	
297	113.418830872	
298	113.064933777	
299	112.957794189	
300	112.931816101	
301	112.620132446	
302	112.886360168	
303	113.649353027	
304	112.964286804	
305	114.698051453	
306	112.775970459	
307	112.818183899	
308	112.574676514	
309	112.383117676	
310	112.146102905	
311	112.012985229	
312	111.935066223	
313	112.412338257	
314	111.957794189	
315	111.909088135	
316	112.113639832	
317	111.879867554	
318	111.801948547	
319	111.857139587	
320	111.324676514	
321	111.769477844	
322	111.775970459	
323	111.899353027	
324	111.737014771	
325	111.974029541	
326	111.756492615	
327	111.961036682	
328	111.837661743	
329	111.798698425	
330	111.724029541	
331	111.857139587	
332	111.805191040	
333	111.711036682	
334	111.811691284	
335	111.753250122	
336	111.613639832	
337	111.701301575	
338	111.775970459	
339	111.801948547	
340	111.652595520	
341	111.711036682	
342	111.785713196	
343	111.782470703	
344	111.564933777	
345	111.967529297	
346	111.730522156	
347	111.876625061	
348	113.970779419	
349	111.717529297	
350	111.730522156	
351	111.704544067	
352	111.496749878	
353	111.873374939	
354	111.685066223	
355	111.587661743	
356	111.672080994	
357	111.730522156	
358	111.350646973	
359	111.685066223	
360	111.737014771	
361	111.909088135	
362	111.717529297	
363	111.970779419	
364	111.659088135	
365	111.571426392	
366	111.733764648	
367	111.636360168	
368	111.659088135	
369	111.564933777	
370	111.750000000	
371	111.646102905	
372	111.801948547	
373	111.574676514	
374	111.512985229	
375	111.740257263	
376	111.698051453	
377	111.662338257	
378	111.506492615	
379	111.720779419	
380	111.717529297	
381	111.779220581	
382	111.717529297	
383	111.701301575	
384	111.548698425	
385	111.665580750	
386	111.616882324	
387	111.594154358	
388	111.366882324	
389	111.344154358	
390	111.646102905	
391	111.860389709	
392	111.905845642	
393	111.503250122	
394	111.477272034	
395	111.366882324	
396	111.464286804	
397	111.470779419	
398	111.584419250	
399	111.698051453	
400	111.409088135	
401	111.542205811	
402	111.688308716	
403	111.977272034	
404	111.610389709	
405	111.548698425	
406	111.915580750	
407	111.685066223	
408	111.441558838	
409	111.597404480	
410	111.879867554	
411	111.490257263	
412	111.214286804	
413	111.269477844	
414	111.425323486	
415	111.668830872	
416	111.493507385	
417	111.782470703	
418	111.474029541	
419	111.902595520	
420	111.477272034	
421	111.551948547	
422	111.571426392	
423	111.379867554	
424	111.590911865	
425	111.733764648	
426	111.227272034	
427	111.698051453	
428	111.402595520	
429	111.467529297	
430	111.766235352	
431	111.558441162	
432	111.561691284	
433	111.483764648	
434	111.616882324	
435	111.740257263	
436	111.584419250	
437	111.762985229	
438	111.652595520	
439	111.750000000	
440	111.737014771	
441	111.506492615	
442	111.795455933	
443	111.545455933	
444	111.714286804	
445	111.568183899	
446	111.568183899	
447	112.211036682	
448	111.649353027	
449	111.756492615	
450	111.831169128	
451	111.685066223	
452	112.155845642	
453	111.655845642	
454	111.597404480	
455	111.620132446	
456	112.165580750	
457	113.139610291	
458	115.551948547	
459	118.207794189	
460	120.964286804	
461	124.016235352	
462	125.415580750	
463	126.866882324	
464	126.834419250	
465	126.461036682	
466	124.314933777	
467	121.551948547	
468	118.860389709	
469	116.753250122	
470	114.522727966	
471	113.448051453	
472	112.483764648	
473	112.279220581	
474	111.467529297	
475	111.633117676	
476	111.811691284	
477	111.412338257	
478	111.448051453	
479	111.636360168	
480	111.681816101	
481	111.837661743	
482	111.834419250	
483	111.711036682	
484	111.691558838	
485	111.928573608	
486	112.107139587	
487	111.681816101	
488	111.951301575	
489	111.935066223	
490	112.090911865	
491	111.847404480	
492	112.233764648	
493	112.240257263	
494	112.477272034	
495	112.474029541	
496	112.217529297	
497	112.753250122	
498	112.633117676	
499	112.711036682	
500	112.516235352	
501	112.597404480	
502	112.639610291	
503	112.487014771	
504	112.879867554	
505	112.886360168	
506	112.792205811	
507	112.623374939	
508	112.782470703	
509	112.694808960	
510	112.441558838	
511	112.383117676	
512	112.464286804	
513	112.217529297	
514	112.327919006	
515	112.155845642	
516	112.107139587	
517	112.272727966	
518	111.801948547	
519	111.853897095	
520	112.012985229	
521	112.032470703	
522	112.224029541	
523	112.081169128	
524	111.905845642	
525	111.779220581	
526	112.168830872	
527	112.357139587	
528	112.467529297	
529	112.509742737	
530	112.581169128	
531	112.827919006	
532	112.827919006	
533	112.870132446	
534	113.204544067	
535	113.503250122	
536	114.032470703	
537	114.574676514	
538	116.253250122	
539	121.487014771	
540	138.623382568	
541	206.275970459	
542	447.282470703	
543	956.016235352	
544	1564.720825195	
545	2212.496826172	
546	2802.000000000	
547	3123.370117188	
548	3254.334472656	
549	3230.107177734	
550	3001.435058594	
551	2582.805175781	
552	1958.616943359	
553	1291.269531250	
554	747.990234375	
555	398.733764648	
556	234.918838501	
557	172.451293945	
558	150.840911865	
559	136.532470703	
560	125.717529297	
561	119.331169128	
562	117.012985229	
563	114.727272034	
564	113.990257263	
565	113.090911865	
566	113.217529297	
567	112.792205811	
568	112.461036682	
569	112.425323486	
570	112.217529297	
571	112.389610291	
572	112.230522156	
573	112.048698425	
574	112.103897095	
575	112.181816101	
576	112.097404480	
577	112.207794189	
578	112.035713196	
579	111.834419250	
580	111.844154358	
581	111.850646973	
582	111.977272034	
583	111.814933777	
584	111.720779419	
585	111.584419250	
586	111.730522156	
587	111.655845642	
588	111.626625061	
589	111.503250122	
590	111.711036682	
591	111.344154358	
592	111.772727966	
593	111.639610291	
594	111.853897095	
595	111.996749878	
596	112.172080994	
597	112.097404480	
598	112.243507385	
599	111.879867554	
600	112.256492615	
601	111.795455933	
602	111.879867554	
603	112.217529297	
604	112.477272034	
605	114.597404480	
606	121.675323486	
607	132.847396851	
608	145.386367798	
609	155.714279175	
610	160.470779419	
611	163.207794189	
612	164.068176270	
613	162.074676514	
614	155.733764648	
615	146.454544067	
616	133.720779419	
617	123.181816101	
618	116.603897095	
619	113.548698425	
620	112.324676514	
621	112.123374939	
622	112.068183899	
623	112.058441162	
624	111.870132446	
625	111.512985229	
626	111.948051453	
627	111.795455933	
628	111.818183899	
629	112.233764648	
630	112.064933777	
631	111.938308716	
632	111.792205811	
633	112.162338257	
634	111.759742737	
635	111.996749878	
636	111.775970459	
637	111.743507385	
638	112.064933777	
639	112.006492615	
640	111.860389709	
641	111.672080994	
642	111.480522156	
643	111.535713196	
644	111.545455933	
645	111.509742737	
646	112.194808960	
647	111.756492615	
648	111.629867554	
649	111.422080994	
650	111.327919006	
651	111.256492615	
652	112.032470703	
653	111.259742737	
654	111.314933777	
655	111.175323486	
656	111.363639832	
657	111.587661743	
658	111.422080994	
659	111.483764648	
660	111.256492615	
661	111.288963318	
662	111.613639832	
663	111.227272034	
664	111.464286804	
665	111.172080994	
666	111.548698425	
667	111.084419250	
668	111.646102905	
669	111.483764648	
670	111.493507385	
671	111.311691284	
672	111.243507385	
673	111.487014771	
674	111.529220581	
675	112.155845642	
676	111.324676514	
677	111.288963318	
678	111.162338257	
679	111.227272034	
680	111.457794189	
681	111.402595520	
682	111.198051453	
683	111.496749878	
684	111.373374939	
685	111.444808960	
686	111.415580750	
687	111.136360168	
688	111.519477844	
689	111.383117676	
690	111.788963318	
691	111.094154358	
692	111.288963318	
693	111.428573608	
694	111.379867554	
695	111.545455933	
696	111.457794189	
697	111.331169128	
698	111.431816101	
699	111.396102905	
700	111.512985229	
701	111.285713196	
702	111.191558838	
703	111.389610291	
704	111.512985229	
705	111.435066223	
706	111.639610291	
707	111.412338257	
708	111.506492615	
709	111.363639832	
710	111.438308716	
711	111.594154358	
712	111.509742737	
713	111.266235352	
714	111.386360168	
715	111.314933777	
716	111.431816101	
717	111.516235352	
718	111.607139587	
719	111.412338257	
720	111.347404480	
721	111.334419250	
722	111.256492615	
723	111.431816101	
724	111.259742737	
725	111.480522156	
726	111.418830872	
727	111.610389709	
728	111.318183899	
729	111.581169128	
730	111.545455933	
731	111.399353027	
732	111.490257263	
733	111.250000000	
734	111.477272034	
735	111.431816101	
736	111.250000000	
737	111.581169128	
738	111.503250122	
739	111.314933777	
740	111.415580750	
741	111.500000000	
742	111.259742737	
743	111.600646973	
744	111.246749878	
745	111.415580750	
746	111.360389709	
747	111.373374939	
748	111.068183899	
749	111.250000000	
750	113.353897095	
751	111.084419250	
752	111.412338257	
753	111.262985229	
754	111.477272034	
755	111.220779419	
756	111.308441162	
757	111.577919006	
758	111.418830872	
759	111.350646973	
760	111.305191040	
761	111.386360168	
762	111.516235352	
763	111.337661743	
764	111.512985229	
765	111.681816101	
766	111.253250122	
767	111.311691284	
768	111.415580750	
769	111.688308716	
770	111.366882324	
771	111.448051453	
772	111.477272034	
773	111.496749878	
774	111.324676514	
775	112.071426392	
776	111.551948547	
777	111.607139587	
778	111.435066223	
779	111.116882324	
780	111.259742737	
781	111.750000000	
782	111.275970459	
783	111.629867554	
784	112.094154358	
785	111.840911865	
786	112.159088135	
787	111.902595520	
788	112.029220581	
789	111.961036682	
790	112.045455933	
791	111.811691284	
792	111.837661743	
793	111.555191040	
794	111.418830872	
795	111.314933777	
796	111.366882324	
797	111.435066223	
798	111.149353027	
799	111.496749878	
800	111.522727966	
801	111.509742737	
802	111.824676514	
803	111.659088135	
804	111.857139587	
805	111.873374939	
806	111.918830872	
807	111.691558838	
808	111.883117676	
809	111.909088135	
810	111.879867554	
811	111.409088135	
812	111.698051453	
813	111.431816101	
814	111.441558838	
815	111.600646973	
816	111.529220581	
817	111.678573608	
818	111.211036682	
819	111.522727966	
820	111.542205811	
821	111.694808960	
822	113.639610291	
823	116.295455933	
824	122.019477844	
825	128.532470703	
826	134.016235352	
827	136.665588379	
828	137.698059082	
829	138.737014771	
830	137.295455933	
831	134.922073364	
832	130.224029541	
833	123.990257263	
834	118.055191040	
835	114.503250122	
836	112.577919006	
837	111.974029541	
838	111.733764648	
839	111.720779419	
840	111.292205811	
841	111.360389709	
842	111.051948547	
843	111.470779419	
844	111.386360168	
845	111.396102905	
846	111.597404480	
847	111.545455933	
848	111.691558838	
849	111.175323486	
850	111.522727966	
851	111.428573608	
852	111.548698425	
853	111.535713196	
854	111.743507385	
855	111.422080994	
856	111.250000000	
857	113.357139587	
858	111.675323486	
859	111.678573608	
860	111.227272034	
861	111.548698425	
862	111.363639832	
863	111.308441162	
864	111.633117676	
865	111.694808960	
866	111.506492615	
867	111.714286804	
868	111.681816101	
869	111.467529297	
870	111.487014771	
871	111.905845642	
872	111.396102905	
873	111.590911865	
874	111.746749878	
875	111.798698425	
876	111.805191040	
877	112.009742737	
878	111.714286804	
879	113.288963318	
880	111.840911865	
881	111.701301575	
882	111.834419250	
883	111.646102905	
884	111.587661743	
885	111.730522156	
886	111.769477844	
887	111.620132446	
888	111.652595520	
889	111.629867554	
890	111.629867554	
891	111.389610291	
892	111.717529297	
893	111.720779419	
894	111.707794189	
895	111.594154358	
896	111.561691284	
897	111.444808960	
898	111.396102905	
899	111.581169128	
900	111.698051453	
901	111.551948547	
902	111.415580750	
903	111.483764648	
904	111.636360168	
905	111.837661743	
906	111.675323486	
907	111.613639832	
908	111.558441162	
909	111.490257263	
910	111.709556580	
911	111.565956116	
912	111.462310791	
913	111.586418152	
914	111.456001282	
915	111.415733337	
916	111.961540222	
917	111.687500000	
918	NaN	
