0	112.928573608	
1	113.823532104	
2	113.335937500	
3	113.239768982	
4	113.000000000	
5	112.669258118	
6	112.882942200	
7	112.383117676	
8	112.840911865	
9	112.454544067	
10	112.409088135	
11	112.512985229	
12	112.681816101	
13	112.711036682	
14	112.305191040	
15	112.409088135	
16	112.457794189	
17	111.922080994	
18	111.610389709	
19	111.548698425	
20	111.357139587	
21	111.337661743	
22	111.220779419	
23	110.941558838	
24	111.409088135	
25	111.383117676	
26	111.061691284	
27	111.685066223	
28	111.396102905	
29	112.159088135	
30	112.847404480	
31	113.357139587	
32	114.175323486	
33	114.795455933	
34	115.019477844	
35	115.074676514	
36	115.185066223	
37	114.714286804	
38	114.668830872	
39	114.074676514	
40	114.957794189	
41	117.324676514	
42	119.850646973	
43	123.149353027	
44	126.071426392	
45	128.561691284	
46	129.587661743	
47	129.607147217	
48	127.701301575	
49	125.224029541	
50	121.727272034	
51	118.785713196	
52	115.756492615	
53	113.672080994	
54	112.545455933	
55	111.902595520	
56	112.149353027	
57	112.045455933	
58	111.646102905	
59	111.590911865	
60	111.704544067	
61	111.327919006	
62	111.340911865	
63	111.321426392	
64	112.012985229	
65	111.431816101	
66	111.922080994	
67	111.340911865	
68	111.438308716	
69	111.720779419	
70	112.094154358	
71	112.412338257	
72	113.113639832	
73	113.441558838	
74	114.198051453	
75	114.435066223	
76	114.383117676	
77	114.250000000	
78	114.048698425	
79	113.772727966	
80	113.733764648	
81	115.259742737	
82	114.996749878	
83	116.834419250	
84	118.116882324	
85	119.639610291	
86	120.993507385	
87	121.727272034	
88	122.064933777	
89	120.766235352	
90	119.175323486	
91	117.500000000	
92	115.766235352	
93	114.133117676	
94	113.337661743	
95	112.545455933	
96	112.454544067	
97	112.863639832	
98	112.801948547	
99	112.987014771	
100	113.402595520	
101	114.873374939	
102	119.090911865	
103	130.564941406	
104	158.769485474	
105	226.568176270	
106	342.058441162	
107	470.029235840	
108	593.246765137	
109	705.902587891	
110	790.925354004	
111	832.857116699	
112	813.259765625	
113	745.513000488	
114	624.548706055	
115	491.889617920	
116	367.422088623	
117	253.714279175	
118	184.181823730	
119	153.711044312	
120	143.016235352	
121	141.298706055	
122	138.892852783	
123	132.097396851	
124	129.844161987	
125	138.623382568	
126	166.909088135	
127	232.120132446	
128	328.701293945	
129	428.779235840	
130	525.964294434	
131	612.077941895	
132	669.048706055	
133	687.418823242	
134	657.733764648	
135	592.704528809	
136	487.626617432	
137	383.678558350	
138	285.967529297	
139	201.454544067	
140	157.659088135	
141	140.948059082	
142	135.301940918	
143	135.983764648	
144	132.879867554	
145	126.750000000	
146	123.912338257	
147	122.743507385	
148	122.493507385	
149	122.379867554	
150	121.892860413	
151	120.944808960	
152	119.535713196	
153	118.415580750	
154	116.837661743	
155	115.685066223	
156	115.321426392	
157	115.165580750	
158	114.886360168	
159	114.620132446	
160	114.496749878	
161	114.253250122	
162	113.837661743	
163	113.474029541	
164	113.113639832	
165	113.113639832	
166	113.298698425	
167	113.571426392	
168	114.337661743	
169	115.564933777	
170	119.448051453	
171	131.425323486	
172	161.129867554	
173	233.120132446	
174	370.370117188	
175	526.314941406	
176	683.386352539	
177	826.477294922	
178	940.295471191	
179	995.529235840	
180	982.723999023	
181	910.824645996	
182	769.483764648	
183	602.763000488	
184	447.990264893	
185	300.918823242	
186	206.727279663	
187	166.055191040	
188	150.714279175	
189	148.240264893	
190	144.266235352	
191	134.646102905	
192	125.785713196	
193	122.636360168	
194	124.441558838	
195	132.597396851	
196	153.243499756	
197	187.730514526	
198	225.285720825	
199	261.263000488	
200	295.704559326	
201	316.785705566	
202	325.736999512	
203	317.636352539	
204	295.035705566	
205	257.000000000	
206	217.535720825	
207	181.545455933	
208	149.889617920	
209	132.948059082	
210	125.935066223	
211	123.711036682	
212	123.500000000	
213	121.597404480	
214	118.610389709	
215	116.116882324	
216	114.753250122	
217	114.142860413	
218	113.730522156	
219	113.097404480	
220	113.146102905	
221	113.100646973	
222	113.068183899	
223	112.866882324	
224	112.814933777	
225	112.681816101	
226	112.766235352	
227	112.568183899	
228	112.808441162	
229	112.704544067	
230	112.509742737	
231	112.775970459	
232	113.181816101	
233	114.490257263	
234	117.246749878	
235	125.243507385	
236	145.061691284	
237	184.340911865	
238	233.285720825	
239	280.594146729	
240	325.155853271	
241	361.629882812	
242	377.555206299	
243	373.821441650	
244	353.743499756	
245	313.129882812	
246	262.373382568	
247	214.120132446	
248	169.642852783	
249	141.003250122	
250	128.162338257	
251	123.038963318	
252	122.435066223	
253	121.211036682	
254	117.834419250	
255	115.133117676	
256	113.610389709	
257	112.912338257	
258	112.743507385	
259	112.707794189	
260	112.571426392	
261	113.000000000	
262	112.668830872	
263	112.970779419	
264	113.561691284	
265	114.850646973	
266	118.321426392	
267	128.327926636	
268	152.685058594	
269	213.743499756	
270	330.513000488	
271	467.818176270	
272	600.538940430	
273	723.087646484	
274	817.159118652	
275	859.357116699	
276	847.236999512	
277	786.327941895	
278	662.850646973	
279	520.973999023	
280	388.980529785	
281	268.259735107	
282	196.759735107	
283	176.957794189	
284	198.474029541	
285	279.360382080	
286	445.996765137	
287	655.503234863	
288	866.873352051	
289	1063.973999023	
290	1219.503295898	
291	1301.516235352	
292	1299.909057617	
293	1223.373413086	
294	1040.435058594	
295	810.584411621	
296	593.889587402	
297	387.720764160	
298	250.915588379	
299	190.883117676	
300	167.006500244	
301	161.993499756	
302	155.172073364	
303	139.029220581	
304	125.957794189	
305	121.707794189	
306	117.798698425	
307	116.827919006	
308	116.896102905	
309	118.493507385	
310	122.980522156	
311	129.886367798	
312	136.500000000	
313	142.863632202	
314	147.798706055	
315	151.594161987	
316	155.298706055	
317	160.724029541	
318	180.324676514	
319	236.860382080	
320	382.529235840	
321	690.155822754	
322	1071.477294922	
323	1447.662353516	
324	1787.743530273	
325	2046.129882812	
326	2175.610351562	
327	2162.701416016	
328	2017.685058594	
329	1685.019531250	
330	1285.947998047	
331	909.298706055	
332	564.889587402	
333	349.009735107	
334	265.944793701	
335	266.123382568	
336	341.694793701	
337	439.850646973	
338	526.723999023	
339	612.714294434	
340	691.730529785	
341	738.990234375	
342	743.811706543	
343	711.756469727	
344	623.886352539	
345	503.405853271	
346	387.042205811	
347	277.675323486	
348	196.600646973	
349	157.899353027	
350	143.522720337	
351	140.616882324	
352	137.512985229	
353	130.295455933	
354	123.464286804	
355	119.931816101	
356	117.957794189	
357	116.681816101	
358	116.038963318	
359	116.038963318	
360	114.944808960	
361	114.451301575	
362	114.178573608	
363	113.597404480	
364	113.509742737	
365	113.918830872	
366	113.461036682	
367	113.675323486	
368	114.159088135	
369	114.071426392	
370	114.730522156	
371	115.064933777	
372	116.097404480	
373	119.837661743	
374	130.292205811	
375	155.996749878	
376	214.902603149	
377	307.879882812	
378	401.785705566	
379	489.899353027	
380	563.071411133	
381	607.814941406	
382	613.000000000	
383	592.866882324	
384	527.415588379	
385	430.045440674	
386	337.620117188	
387	246.987014771	
388	181.727279663	
389	148.840911865	
390	136.243499756	
391	133.922073364	
392	130.477279663	
393	124.912338257	
394	119.136360168	
395	115.896102905	
396	114.522727966	
397	113.792205811	
398	113.386360168	
399	113.353897095	
400	113.383117676	
401	113.587661743	
402	113.847404480	
403	113.509742737	
404	113.977272034	
405	114.467529297	
406	114.610389709	
407	114.759742737	
408	116.149353027	
409	119.116882324	
410	129.389617920	
411	156.262985229	
412	223.811691284	
413	377.516235352	
414	593.181823730	
415	805.081176758	
416	999.714294434	
417	1149.691528320	
418	1229.577880859	
419	1229.941528320	
420	1164.931762695	
421	1000.788940430	
422	782.071411133	
423	573.756469727	
424	375.568176270	
425	243.935058594	
426	184.948059082	
427	162.490264893	
428	158.772720337	
429	149.139617920	
430	134.685058594	
431	123.357139587	
432	118.405845642	
433	116.100646973	
434	115.327919006	
435	114.464286804	
436	114.149353027	
437	114.519477844	
438	115.376625061	
439	119.454544067	
440	130.649353027	
441	156.951293945	
442	212.506500244	
443	280.087677002	
444	344.746765137	
445	402.071441650	
446	441.701293945	
447	457.681823730	
448	453.694793701	
449	423.977264404	
450	364.256500244	
451	296.860382080	
452	232.948059082	
453	176.649353027	
454	145.590911865	
455	133.402603149	
456	129.308441162	
457	128.279220581	
458	125.425323486	
459	122.412338257	
460	124.292205811	
461	136.006500244	
462	169.831161499	
463	253.405838013	
464	437.285705566	
465	687.938293457	
466	928.542236328	
467	1146.340942383	
468	1306.723999023	
469	1381.123413086	
470	1383.288940430	
471	1299.857177734	
472	1103.620117188	
473	852.256469727	
474	612.324645996	
475	391.006500244	
476	251.668838501	
477	193.113632202	
478	174.058441162	
479	169.951293945	
480	155.288955688	
481	138.503250122	
482	125.967529297	
483	120.178573608	
484	117.886360168	
485	116.883117676	
486	115.727272034	
487	115.074676514	
488	114.246749878	
489	114.724029541	
490	114.308441162	
491	114.457794189	
492	114.993507385	
493	115.191558838	
494	116.298698425	
495	117.775970459	
496	120.733764648	
497	131.899353027	
498	162.886367798	
499	239.629867554	
500	428.853881836	
501	766.714294434	
502	1135.026000977	
503	1474.772705078	
504	1754.233764648	
505	1923.808471680	
506	1971.597412109	
507	1920.223999023	
508	1715.519531250	
509	1375.071411133	
510	1019.428588867	
511	685.526000977	
512	456.123382568	
513	421.613647461	
514	600.753234863	
515	1109.214233398	
516	1800.181762695	
517	2449.285644531	
518	3031.590820312	
519	3461.311767578	
520	3657.207763672	
521	3658.256591797	
522	3419.292236328	
523	2881.909179688	
524	2179.668945312	
525	1507.509765625	
526	890.808471680	
527	508.126617432	
528	343.146118164	
529	292.441558838	
530	274.295440674	
531	228.116882324	
532	178.983764648	
533	145.957794189	
534	131.743499756	
535	124.805191040	
536	121.042205811	
537	118.704544067	
538	117.032470703	
539	116.613639832	
540	114.584419250	
541	114.694808960	
542	114.480522156	
543	114.571426392	
544	113.831169128	
545	114.172080994	
546	114.379867554	
547	114.357139587	
548	114.435066223	
549	114.392860413	
550	114.769477844	
551	114.357139587	
552	114.707794189	
553	114.655845642	
554	114.451301575	
555	114.344154358	
556	114.240257263	
557	114.064933777	
558	113.837661743	
559	113.675323486	
560	113.762985229	
561	113.818183899	
562	113.827919006	
563	113.681816101	
564	113.448051453	
565	113.474029541	
566	113.701301575	
567	113.792205811	
568	113.646102905	
569	113.522727966	
570	113.285713196	
571	113.370132446	
572	113.480522156	
573	113.616882324	
574	113.509742737	
575	113.896102905	
576	113.324676514	
577	114.016235352	
578	113.461036682	
579	114.058441162	
580	113.571426392	
581	113.873374939	
582	113.831169128	
583	114.340911865	
584	114.441558838	
585	114.636360168	
586	114.620132446	
587	115.529220581	
588	116.288963318	
589	118.831169128	
590	126.490257263	
591	149.110382080	
592	206.863632202	
593	350.961029053	
594	644.272705078	
595	994.915588379	
596	1314.782470703	
597	1585.912353516	
598	1754.324707031	
599	1810.993530273	
600	1775.879882812	
601	1618.366943359	
602	1327.337646484	
603	989.795471191	
604	660.707763672	
605	396.415588379	
606	259.970764160	
607	207.737014771	
608	195.938308716	
609	181.405838013	
610	159.480514526	
611	148.451293945	
612	158.616882324	
613	208.162338257	
614	315.220764160	
615	442.360382080	
616	558.318176270	
617	656.730529785	
618	712.009765625	
619	730.042236328	
620	713.003234863	
621	653.834411621	
622	544.964294434	
623	420.743499756	
624	300.071441650	
625	207.090911865	
626	161.961044312	
627	145.061691284	
628	141.386367798	
629	135.613632202	
630	127.269477844	
631	120.785713196	
632	117.282470703	
633	115.620132446	
634	114.253250122	
635	113.668830872	
636	113.175323486	
637	113.217529297	
638	112.870132446	
639	113.113639832	
640	112.814933777	
641	112.798698425	
642	112.668830872	
643	112.717529297	
644	112.980522156	
645	113.392860413	
646	112.980522156	
647	112.769477844	
648	112.889610291	
649	112.636360168	
650	112.918830872	
651	113.811691284	
652	112.935066223	
653	113.035713196	
654	113.097404480	
655	112.850646973	
656	113.100646973	
657	113.308441162	
658	113.935066223	
659	114.688308716	
660	117.782470703	
661	126.422080994	
662	149.045455933	
663	207.782470703	
664	333.525970459	
665	488.909088135	
666	633.730529785	
667	752.535705566	
668	826.090881348	
669	849.844177246	
670	831.090881348	
671	767.896118164	
672	645.201293945	
673	496.639617920	
674	350.753234863	
675	233.441558838	
676	173.837661743	
677	151.616882324	
678	146.633117676	
679	138.775970459	
680	129.094161987	
681	121.357139587	
682	117.324676514	
683	115.386360168	
684	114.516235352	
685	113.847404480	
686	113.110389709	
687	113.256492615	
688	112.980522156	
689	113.006492615	
690	113.016235352	
691	112.915580750	
692	113.009742737	
693	112.883117676	
694	112.983764648	
695	112.727272034	
696	113.077919006	
697	112.902595520	
698	112.892860413	
699	113.113639832	
700	112.519477844	
701	113.071426392	
702	112.772727966	
703	112.801948547	
704	113.392860413	
705	113.649353027	
706	114.230522156	
707	114.347404480	
708	115.188308716	
709	114.714286804	
710	115.113639832	
711	114.860389709	
712	114.837661743	
713	114.451301575	
714	113.941558838	
715	113.805191040	
716	113.847404480	
717	113.879867554	
718	114.626625061	
719	115.714286804	
720	118.331169128	
721	128.172073364	
722	154.269485474	
723	221.902603149	
724	384.805206299	
725	631.435058594	
726	873.490234375	
727	1077.782470703	
728	1217.707763672	
729	1275.068237305	
730	1263.493530273	
731	1191.279174805	
732	1031.961059570	
733	799.256469727	
734	564.282470703	
735	351.486999512	
736	231.464279175	
737	183.990264893	
738	171.717529297	
739	159.727279663	
740	143.185058594	
741	128.996749878	
742	120.662338257	
743	117.373374939	
744	115.831169128	
745	115.587661743	
746	114.405845642	
747	114.136360168	
748	114.246749878	
749	115.090911865	
750	120.194808960	
751	127.376625061	
752	152.590911865	
753	217.110382080	
754	350.866882324	
755	516.649353027	
756	664.055175781	
757	783.100646973	
758	847.863647461	
759	861.097412109	
760	837.629882812	
761	769.746765137	
762	642.798706055	
763	488.084411621	
764	335.675323486	
765	223.980514526	
766	170.912338257	
767	153.155838013	
768	147.821426392	
769	137.987014771	
770	127.610389709	
771	120.743507385	
772	116.831169128	
773	115.363639832	
774	114.980522156	
775	113.668830872	
776	113.168830872	
777	113.146102905	
778	112.740257263	
779	112.659088135	
780	112.301948547	
781	112.548698425	
782	112.266235352	
783	112.642860413	
784	112.334419250	
785	112.740257263	
786	112.487014771	
787	112.334419250	
788	112.688308716	
789	112.461036682	
790	112.422080994	
791	112.415580750	
792	112.198051453	
793	112.584419250	
794	112.012985229	
795	111.905845642	
796	112.048698425	
797	111.870132446	
798	111.886360168	
799	112.016235352	
800	111.853897095	
801	112.074676514	
802	112.006492615	
803	111.931816101	
804	112.227272034	
805	112.094154358	
806	111.889610291	
807	112.087661743	
808	112.240257263	
809	111.912338257	
810	112.275970459	
811	112.094154358	
812	111.870132446	
813	111.938308716	
814	112.103897095	
815	111.980522156	
816	112.110389709	
817	111.951301575	
818	112.029220581	
819	112.022727966	
820	112.146102905	
821	112.792205811	
822	111.863639832	
823	112.214286804	
824	111.863639832	
825	112.097404480	
826	111.805191040	
827	112.149353027	
828	112.506492615	
829	111.922080994	
830	111.727272034	
831	111.870132446	
832	111.993507385	
833	111.801948547	
834	112.019477844	
835	112.301948547	
836	112.029220581	
837	111.863639832	
838	111.987014771	
839	111.698051453	
840	112.139610291	
841	111.915580750	
842	112.000000000	
843	112.035713196	
844	111.808441162	
845	111.688308716	
846	112.126625061	
847	112.165580750	
848	111.983764648	
849	112.019477844	
850	112.035713196	
851	111.977272034	
852	112.340911865	
853	112.146102905	
854	111.873374939	
855	111.798698425	
856	111.938308716	
857	113.782470703	
858	111.584419250	
859	112.207794189	
860	111.844154358	
861	111.918830872	
862	111.912338257	
863	112.133117676	
864	112.139610291	
865	112.162338257	
866	111.970779419	
867	111.724029541	
868	112.071426392	
869	111.941558838	
870	112.120132446	
871	112.064933777	
872	112.035713196	
873	112.000000000	
874	112.107139587	
875	112.396102905	
876	112.211036682	
877	112.009742737	
878	112.136360168	
879	113.594154358	
880	112.305191040	
881	112.415580750	
882	112.483764648	
883	112.461036682	
884	112.399353027	
885	112.379867554	
886	112.558441162	
887	112.474029541	
888	112.522727966	
889	112.743507385	
890	112.584419250	
891	112.474029541	
892	112.795455933	
893	112.931816101	
894	112.668830872	
895	112.522727966	
896	112.922080994	
897	112.610389709	
898	112.753250122	
899	112.639610291	
900	112.545455933	
901	112.724029541	
902	112.668830872	
903	113.055191040	
904	112.798698425	
905	112.886360168	
906	113.113639832	
907	112.824676514	
908	113.327919006	
909	113.477272034	
910	113.451126099	
911	114.067268372	
912	116.072219849	
913	121.941604614	
914	141.085113525	
915	189.490188599	
916	261.555541992	
917	NaN	
