0	113.473686218	
1	112.857139587	
2	113.267242432	
3	112.636360168	
4	112.735748291	
5	112.443962097	
6	112.414817810	
7	112.314933777	
8	112.246749878	
9	111.925323486	
10	112.211036682	
11	112.269477844	
12	112.214286804	
13	112.211036682	
14	112.233764648	
15	112.000000000	
16	111.610389709	
17	111.464286804	
18	111.519477844	
19	111.584419250	
20	111.152595520	
21	111.029220581	
22	111.129867554	
23	111.116882324	
24	111.068183899	
25	111.103897095	
26	110.961036682	
27	111.000000000	
28	111.321426392	
29	111.120132446	
30	111.441558838	
31	112.019477844	
32	112.805191040	
33	113.123374939	
34	113.746749878	
35	113.373374939	
36	113.116882324	
37	112.691558838	
38	112.425323486	
39	111.626625061	
40	111.909088135	
41	112.305191040	
42	113.818183899	
43	116.899353027	
44	119.581169128	
45	122.068183899	
46	122.925323486	
47	122.126625061	
48	120.847404480	
49	117.883117676	
50	115.240257263	
51	113.762985229	
52	112.103897095	
53	112.214286804	
54	111.980522156	
55	111.909088135	
56	111.675323486	
57	111.220779419	
58	111.532470703	
59	111.185066223	
60	111.327919006	
61	111.129867554	
62	111.201301575	
63	111.360389709	
64	111.292205811	
65	111.035713196	
66	111.295455933	
67	111.256492615	
68	111.064933777	
69	111.100646973	
70	111.168830872	
71	111.496749878	
72	111.899353027	
73	112.191558838	
74	112.574676514	
75	112.743507385	
76	112.935066223	
77	112.853897095	
78	112.652595520	
79	112.136360168	
80	111.733764648	
81	112.016235352	
82	112.948051453	
83	112.886360168	
84	114.282470703	
85	115.948051453	
86	117.272727966	
87	117.857139587	
88	117.246749878	
89	116.655845642	
90	114.902595520	
91	113.123374939	
92	112.779220581	
93	111.899353027	
94	111.493507385	
95	112.165580750	
96	111.915580750	
97	111.925323486	
98	111.951301575	
99	111.918830872	
100	112.162338257	
101	112.425323486	
102	112.620132446	
103	113.811691284	
104	117.162338257	
105	129.019485474	
106	159.620132446	
107	232.399353027	
108	351.954559326	
109	473.883117676	
110	566.243530273	
111	592.000000000	
112	550.344177246	
113	466.334411621	
114	352.142852783	
115	258.311676025	
116	193.571426392	
117	154.230514526	
118	139.116882324	
119	136.857147217	
120	132.857147217	
121	123.616882324	
122	118.496749878	
123	116.464286804	
124	116.288963318	
125	117.194808960	
126	120.535713196	
127	131.902603149	
128	164.574676514	
129	235.308441162	
130	336.178558350	
131	429.084411621	
132	488.431823730	
133	493.977264404	
134	447.720764160	
135	371.522735596	
136	277.454559326	
137	211.198059082	
138	163.951293945	
139	139.831161499	
140	131.633117676	
141	131.620132446	
142	125.720779419	
143	119.035713196	
144	116.201301575	
145	115.762985229	
146	116.386360168	
147	117.318183899	
148	117.584419250	
149	117.285713196	
150	117.077919006	
151	115.925323486	
152	115.133117676	
153	114.090911865	
154	113.711036682	
155	113.373374939	
156	113.477272034	
157	113.509742737	
158	113.012985229	
159	113.331169128	
160	112.996749878	
161	112.782470703	
162	112.441558838	
163	112.094154358	
164	112.035713196	
165	112.110389709	
166	112.097404480	
167	112.324676514	
168	112.818183899	
169	112.483764648	
170	113.175323486	
171	114.941558838	
172	117.818183899	
173	128.185058594	
174	160.334411621	
175	238.883117676	
176	382.493499756	
177	541.064941406	
178	666.120117188	
179	717.899353027	
180	676.918823242	
181	572.824645996	
182	428.509735107	
183	306.990264893	
184	220.866882324	
185	168.168838501	
186	146.675323486	
187	143.766235352	
188	139.512985229	
189	127.717529297	
190	119.711036682	
191	116.821426392	
192	115.818183899	
193	115.951301575	
194	115.691558838	
195	116.198051453	
196	119.077919006	
197	128.662338257	
198	150.724029541	
199	187.691558838	
200	223.548706055	
201	250.522720337	
202	255.538955688	
203	239.824676514	
204	211.194808960	
205	175.762985229	
206	150.113632202	
207	132.058441162	
208	123.425323486	
209	120.639610291	
210	120.889610291	
211	118.857139587	
212	116.753250122	
213	115.159088135	
214	113.886360168	
215	113.172080994	
216	112.717529297	
217	112.204544067	
218	112.211036682	
219	112.262985229	
220	112.211036682	
221	112.068183899	
222	112.558441162	
223	112.191558838	
224	112.107139587	
225	112.149353027	
226	111.850646973	
227	111.886360168	
228	111.642860413	
229	112.113639832	
230	112.113639832	
231	112.259742737	
232	111.938308716	
233	112.230522156	
234	112.379867554	
235	113.224029541	
236	116.012985229	
237	123.944808960	
238	145.282470703	
239	186.818176270	
240	237.097396851	
241	278.415588379	
242	296.509735107	
243	285.613647461	
244	253.009735107	
245	209.246749878	
246	170.603897095	
247	143.662338257	
248	128.116882324	
249	122.094154358	
250	121.038963318	
251	119.662338257	
252	116.113639832	
253	113.603897095	
254	112.639610291	
255	112.253250122	
256	111.964286804	
257	111.834419250	
258	111.857139587	
259	111.850646973	
260	112.029220581	
261	112.110389709	
262	111.990257263	
263	112.201301575	
264	112.558441162	
265	112.603897095	
266	113.405845642	
267	114.142860413	
268	116.977272034	
269	125.123374939	
270	150.642852783	
271	216.373382568	
272	341.077911377	
273	479.159088135	
274	593.285705566	
275	638.545471191	
276	596.542236328	
277	500.756500244	
278	374.503234863	
279	272.376617432	
280	197.198059082	
281	158.051940918	
282	143.045455933	
283	143.542205811	
284	140.181823730	
285	140.750000000	
286	167.808441162	
287	253.298706055	
288	432.360382080	
289	660.905822754	
290	854.243530273	
291	958.269470215	
292	916.298706055	
293	771.944824219	
294	571.103881836	
295	395.529235840	
296	268.974029541	
297	193.142852783	
298	162.922073364	
299	159.487014771	
300	151.620132446	
301	134.879867554	
302	124.029220581	
303	119.769477844	
304	117.159088135	
305	117.636360168	
306	115.074676514	
307	114.201301575	
308	113.782470703	
309	113.542205811	
310	114.500000000	
311	116.438308716	
312	122.129867554	
313	128.574676514	
314	134.590911865	
315	138.074676514	
316	138.724029541	
317	135.081161499	
318	131.613632202	
319	133.347396851	
320	150.155838013	
321	209.935058594	
322	374.522735596	
323	706.133117676	
324	1105.723999023	
325	1440.987060547	
326	1599.616943359	
327	1502.012939453	
328	1229.850708008	
329	876.236999512	
330	582.714294434	
331	363.954559326	
332	246.535720825	
333	202.493499756	
334	200.285720825	
335	185.698059082	
336	167.422073364	
337	185.464279175	
338	261.785705566	
339	381.474029541	
340	490.529235840	
341	556.555175781	
342	551.181823730	
343	477.853881836	
344	372.435058594	
345	274.340911865	
346	201.272720337	
347	157.090911865	
348	142.003250122	
349	136.899353027	
350	133.425323486	
351	124.662338257	
352	119.178573608	
353	116.733764648	
354	116.000000000	
355	115.178573608	
356	114.691558838	
357	114.366882324	
358	113.766235352	
359	113.509742737	
360	113.762985229	
361	112.775970459	
362	112.740257263	
363	113.172080994	
364	112.996749878	
365	113.000000000	
366	113.266235352	
367	112.983764648	
368	112.850646973	
369	113.038963318	
370	113.279220581	
371	113.172080994	
372	113.805191040	
373	114.185066223	
374	114.866882324	
375	117.892860413	
376	126.935066223	
377	154.262985229	
378	216.461044312	
379	314.253234863	
380	404.857147217	
381	465.035705566	
382	464.986999512	
383	411.025970459	
384	325.951293945	
385	245.750000000	
386	184.344161987	
387	149.175323486	
388	133.974029541	
389	131.512985229	
390	128.879867554	
391	121.659088135	
392	116.824676514	
393	114.314933777	
394	113.503250122	
395	112.951301575	
396	112.746749878	
397	112.214286804	
398	112.288963318	
399	112.694808960	
400	112.516235352	
401	112.337661743	
402	112.834419250	
403	113.311691284	
404	113.068183899	
405	113.204544067	
406	113.483764648	
407	113.269477844	
408	113.350646973	
409	113.769477844	
410	114.649353027	
411	117.675323486	
412	125.665580750	
413	150.662338257	
414	222.454544067	
415	382.886352539	
416	608.665588379	
417	804.847412109	
418	919.305175781	
419	888.727294922	
420	744.655822754	
421	545.513000488	
422	374.347412109	
423	247.870132446	
424	182.844161987	
425	158.120132446	
426	155.714279175	
427	144.590911865	
428	129.477279663	
429	120.818183899	
430	117.415580750	
431	115.142860413	
432	114.629867554	
433	113.688308716	
434	113.185066223	
435	112.827919006	
436	113.019477844	
437	112.964286804	
438	112.909088135	
439	113.561691284	
440	115.016235352	
441	118.097404480	
442	128.594161987	
443	157.136367798	
444	215.772720337	
445	287.629882812	
446	344.837677002	
447	367.457794189	
448	344.081176758	
449	288.951293945	
450	228.282470703	
451	178.610382080	
452	145.801940918	
453	131.525970459	
454	126.681816101	
455	125.967529297	
456	122.058441162	
457	118.217529297	
458	118.305191040	
459	122.253250122	
460	128.318176270	
461	136.204544067	
462	144.503250122	
463	156.142852783	
464	184.850646973	
465	268.759735107	
466	455.000000000	
467	714.188293457	
468	938.038940430	
469	1059.353881836	
470	1004.324645996	
471	818.532470703	
472	593.318176270	
473	396.474029541	
474	256.337677002	
475	190.558441162	
476	168.814941406	
477	165.694808960	
478	149.720779419	
479	132.168838501	
480	122.522727966	
481	118.620132446	
482	116.886360168	
483	116.022727966	
484	114.983764648	
485	114.603897095	
486	113.944808960	
487	114.064933777	
488	113.915580750	
489	113.548698425	
490	114.048698425	
491	114.292205811	
492	114.344154358	
493	114.827919006	
494	115.681816101	
495	115.685066223	
496	116.659088135	
497	117.616882324	
498	120.701301575	
499	129.412338257	
500	155.558441162	
501	234.415588379	
502	431.373382568	
503	790.422058105	
504	1164.996704102	
505	1438.931762695	
506	1494.717529297	
507	1297.853881836	
508	976.074645996	
509	660.529235840	
510	406.305206299	
511	268.194793701	
512	213.227279663	
513	214.938308716	
514	229.844161987	
515	291.399353027	
516	517.698059082	
517	1046.347412109	
518	1790.581176758	
519	2427.685058594	
520	2772.435058594	
521	2630.600585938	
522	2094.685058594	
523	1465.707763672	
524	903.542236328	
525	516.276000977	
526	336.178558350	
527	280.269470215	
528	268.620117188	
529	213.633117676	
530	164.824676514	
531	139.295455933	
532	129.451293945	
533	124.740257263	
534	122.029220581	
535	120.525970459	
536	120.295455933	
537	120.136360168	
538	121.016235352	
539	124.616882324	
540	131.490264893	
541	157.545455933	
542	242.340911865	
543	556.422058105	
544	1398.743530273	
545	2670.947998047	
546	3812.006591797	
547	4095.000000000	
548	4092.389648438	
549	3924.162353516	
550	2762.386474609	
551	1521.061645508	
552	716.347412109	
553	368.035705566	
554	239.146102905	
555	190.331161499	
556	166.431823730	
557	143.120132446	
558	129.250000000	
559	122.522727966	
560	118.646102905	
561	117.324676514	
562	116.561691284	
563	115.532470703	
564	114.844154358	
565	114.301948547	
566	114.230522156	
567	114.344154358	
568	114.113639832	
569	114.116882324	
570	114.038963318	
571	113.681816101	
572	113.756492615	
573	113.850646973	
574	113.996749878	
575	113.938308716	
576	113.873374939	
577	113.974029541	
578	113.720779419	
579	113.506492615	
580	113.964286804	
581	113.542205811	
582	113.633117676	
583	113.720779419	
584	113.678573608	
585	113.857139587	
586	113.948051453	
587	114.003250122	
588	114.493507385	
589	114.795455933	
590	115.545455933	
591	118.103897095	
592	123.652595520	
593	142.061691284	
594	198.103897095	
595	350.230529785	
596	659.009765625	
597	1026.668823242	
598	1308.295410156	
599	1410.571411133	
600	1256.357177734	
601	956.853881836	
602	648.756469727	
603	394.626617432	
604	257.360382080	
605	201.071426392	
606	193.201293945	
607	184.116882324	
608	172.373382568	
609	172.227279663	
610	180.902603149	
611	180.464279175	
612	172.009735107	
613	159.282470703	
614	163.337661743	
615	208.308441162	
616	319.308441162	
617	451.594146729	
618	553.863647461	
619	585.558471680	
620	521.003234863	
621	408.146118164	
622	294.636352539	
623	205.490264893	
624	159.717529297	
625	141.879867554	
626	139.808441162	
627	133.194808960	
628	124.074676514	
629	118.399353027	
630	116.370132446	
631	114.915580750	
632	114.360389709	
633	113.840911865	
634	113.558441162	
635	113.198051453	
636	113.146102905	
637	112.629867554	
638	112.636360168	
639	112.912338257	
640	112.646102905	
641	112.779220581	
642	112.730522156	
643	112.685066223	
644	112.847404480	
645	113.100646973	
646	112.918830872	
647	112.431816101	
648	112.506492615	
649	112.707794189	
650	112.629867554	
651	113.165580750	
652	112.149353027	
653	112.337661743	
654	112.360389709	
655	112.847404480	
656	112.636360168	
657	112.792205811	
658	112.730522156	
659	112.970779419	
660	113.379867554	
661	114.107139587	
662	116.551948547	
663	123.295455933	
664	144.493499756	
665	204.941558838	
666	338.308441162	
667	503.840911865	
668	631.146118164	
669	682.792236328	
670	614.685058594	
671	481.103881836	
672	337.896118164	
673	226.944808960	
674	170.821426392	
675	147.639617920	
676	143.360382080	
677	135.269485474	
678	124.750000000	
679	118.672080994	
680	115.538963318	
681	114.506492615	
682	113.915580750	
683	113.110389709	
684	112.750000000	
685	112.581169128	
686	112.428573608	
687	112.542205811	
688	112.217529297	
689	112.379867554	
690	112.250000000	
691	112.318183899	
692	112.564933777	
693	112.360389709	
694	112.298698425	
695	112.136360168	
696	112.386360168	
697	112.428573608	
698	112.574676514	
699	112.155845642	
700	112.000000000	
701	112.344154358	
702	112.042205811	
703	112.360389709	
704	111.993507385	
705	112.357139587	
706	112.831169128	
707	113.389610291	
708	113.681816101	
709	114.022727966	
710	114.590911865	
711	113.597404480	
712	113.077919006	
713	112.717529297	
714	112.522727966	
715	112.435066223	
716	112.623374939	
717	112.795455933	
718	113.298698425	
719	113.470779419	
720	114.087661743	
721	114.613639832	
722	117.422080994	
723	124.477272034	
724	147.350646973	
725	216.350646973	
726	385.042205811	
727	650.107116699	
728	883.905822754	
729	1022.201293945	
730	975.704528809	
731	771.428588867	
732	542.172058105	
733	337.542205811	
734	224.597396851	
735	177.022720337	
736	166.769485474	
737	154.863632202	
738	136.370132446	
739	124.061691284	
740	118.428573608	
741	115.909088135	
742	114.785713196	
743	114.220779419	
744	113.370132446	
745	113.133117676	
746	113.035713196	
747	112.922080994	
748	112.464286804	
749	113.058441162	
750	115.298698425	
751	114.435066223	
752	116.896102905	
753	124.246749878	
754	147.402603149	
755	212.970779419	
756	354.750000000	
757	526.873352051	
758	656.629882812	
759	698.691528320	
760	615.253234863	
761	470.831176758	
762	320.876617432	
763	215.019485474	
764	165.727279663	
765	149.214279175	
766	144.448059082	
767	133.185058594	
768	123.282470703	
769	118.155845642	
770	115.441558838	
771	114.207794189	
772	113.659088135	
773	113.350646973	
774	112.422080994	
775	113.126625061	
776	112.509742737	
777	112.233764648	
778	112.467529297	
779	111.925323486	
780	112.032470703	
781	112.087661743	
782	112.120132446	
783	112.194808960	
784	111.977272034	
785	112.090911865	
786	112.529220581	
787	112.051948547	
788	112.240257263	
789	112.272727966	
790	112.126625061	
791	112.022727966	
792	112.155845642	
793	112.077919006	
794	111.876625061	
795	111.870132446	
796	111.834419250	
797	111.743507385	
798	112.025970459	
799	112.022727966	
800	111.990257263	
801	112.035713196	
802	112.113639832	
803	112.068183899	
804	112.340911865	
805	112.545455933	
806	112.538963318	
807	112.392860413	
808	112.457794189	
809	112.129867554	
810	112.399353027	
811	112.146102905	
812	112.103897095	
813	112.061691284	
814	111.879867554	
815	111.801948547	
816	112.003250122	
817	111.610389709	
818	111.883117676	
819	111.909088135	
820	111.944808960	
821	112.944808960	
822	111.902595520	
823	112.980522156	
824	116.714286804	
825	126.282470703	
826	136.668838501	
827	147.292205811	
828	149.613632202	
829	144.175323486	
830	132.707794189	
831	122.214286804	
832	116.620132446	
833	113.464286804	
834	112.558441162	
835	112.074676514	
836	112.227272034	
837	111.941558838	
838	111.529220581	
839	111.655845642	
840	111.821426392	
841	111.503250122	
842	111.620132446	
843	111.831169128	
844	111.928573608	
845	111.766235352	
846	111.801948547	
847	112.097404480	
848	111.857139587	
849	111.912338257	
850	111.834419250	
851	111.798698425	
852	111.532470703	
853	111.918830872	
854	111.743507385	
855	111.814933777	
856	111.704544067	
857	113.704544067	
858	111.909088135	
859	111.944808960	
860	111.870132446	
861	111.912338257	
862	111.675323486	
863	111.561691284	
864	111.873374939	
865	111.915580750	
866	111.785713196	
867	111.704544067	
868	111.879867554	
869	111.951301575	
870	112.272727966	
871	112.292205811	
872	112.032470703	
873	112.071426392	
874	112.068183899	
875	112.038963318	
876	111.711036682	
877	112.103897095	
878	112.074676514	
879	113.415580750	
880	111.987014771	
881	112.009742737	
882	112.168830872	
883	112.100646973	
884	112.061691284	
885	112.321426392	
886	112.211036682	
887	112.025970459	
888	112.337661743	
889	112.389610291	
890	112.386360168	
891	112.237014771	
892	112.376625061	
893	112.564933777	
894	112.626625061	
895	112.422080994	
896	112.344154358	
897	112.493507385	
898	112.353897095	
899	112.149353027	
900	112.347404480	
901	112.282470703	
902	112.376625061	
903	112.428573608	
904	112.389610291	
905	112.509742737	
906	112.422080994	
907	112.600646973	
908	112.785713196	
909	112.795455933	
910	112.844444275	
911	113.017318726	
912	113.203125000	
913	113.935066223	
914	116.069564819	
915	120.105262756	
916	136.315795898	
917	NaN	
