0	-14969326.000000000	
1	-14498145.000000000	
2	-14119618.000000000	
3	-13739961.000000000	
4	-13393299.000000000	
5	-13022079.000000000	
6	-12786300.000000000	
7	-12693363.000000000	
8	-12668536.000000000	
9	-12707430.000000000	
10	-12878543.000000000	
11	-13095712.000000000	
12	-13329255.000000000	
13	-13576632.000000000	
14	-13785060.000000000	
15	-13952515.000000000	
16	-14070792.000000000	
17	-14066969.000000000	
18	-14025776.000000000	
19	-13979655.000000000	
20	-13931789.000000000	
21	-13878920.000000000	
22	-13740715.000000000	
23	-13576890.000000000	
24	-13446014.000000000	
25	-13307643.000000000	
26	-13109214.000000000	
27	-12910754.000000000	
28	-12700783.000000000	
29	-12492762.000000000	
30	-12301188.000000000	
31	-12136475.000000000	
32	-11930160.000000000	
33	-11695845.000000000	
34	-11485815.000000000	
35	-11269299.000000000	
36	-11041133.000000000	
37	-10813500.000000000	
38	-10572096.000000000	
39	-10299121.000000000	
40	-10028721.000000000	
41	-9778187.000000000	
42	-9596441.000000000	
43	-9393785.000000000	
44	-9172372.000000000	
45	-9044510.000000000	
46	-8963879.000000000	
47	-8859722.000000000	
48	-8723498.000000000	
49	-8612843.000000000	
50	-8594407.000000000	
51	-8572632.000000000	
52	-8643441.000000000	
53	-8803714.000000000	
54	-9099002.000000000	
55	-9485970.000000000	
56	-9878655.000000000	
57	-10256716.000000000	
58	-10606153.000000000	
59	-10886420.000000000	
60	-11055024.000000000	
61	-11157471.000000000	
62	-11160573.000000000	
63	-11032780.000000000	
64	-10853231.000000000	
65	-10668366.000000000	
66	-10444728.000000000	
67	-10178552.000000000	
68	-9934797.000000000	
69	-9732694.000000000	
70	-9533117.000000000	
71	-9250635.000000000	
72	-8860565.000000000	
73	-8380233.000000000	
74	-7819300.000000000	
75	-7326340.000000000	
76	-7041774.500000000	
77	-7012883.500000000	
78	-7247466.500000000	
79	-7709852.000000000	
80	-8344917.500000000	
81	-9054913.000000000	
82	-9738853.000000000	
83	-10340996.000000000	
84	-10853630.000000000	
85	-11230717.000000000	
86	-11459317.000000000	
87	-11607848.000000000	
88	-11680651.000000000	
89	-11645645.000000000	
90	-11566905.000000000	
91	-11506420.000000000	
92	-11466629.000000000	
93	-11386647.000000000	
94	-11284998.000000000	
95	-11169479.000000000	
96	-11032824.000000000	
97	-10878356.000000000	
98	-10693446.000000000	
99	-10506586.000000000	
100	-10429884.000000000	
101	-10471004.000000000	
102	-10657726.000000000	
103	-10964538.000000000	
104	-11395421.000000000	
105	-11899370.000000000	
106	-12436774.000000000	
107	-12943515.000000000	
108	-13395443.000000000	
109	-13771467.000000000	
110	-14042561.000000000	
111	-14243689.000000000	
112	-14392840.000000000	
113	-14468833.000000000	
114	-14531179.000000000	
115	-14596892.000000000	
116	-14646077.000000000	
117	-14678557.000000000	
118	-14722027.000000000	
119	-14727787.000000000	
120	-14700314.000000000	
121	-14688793.000000000	
122	-14683786.000000000	
123	-14659991.000000000	
124	-14611781.000000000	
125	-14542478.000000000	
126	-14481285.000000000	
127	-14426871.000000000	
128	-14369444.000000000	
129	-14299122.000000000	
130	-14213070.000000000	
131	-14124492.000000000	
132	-14040656.000000000	
133	-13942640.000000000	
134	-13824330.000000000	
135	-13660955.000000000	
136	-13502277.000000000	
137	-13333053.000000000	
138	-13143358.000000000	
139	-12963056.000000000	
140	-12772031.000000000	
141	-12590135.000000000	
142	-12382759.000000000	
143	-12150924.000000000	
144	-11880538.000000000	
145	-11586446.000000000	
146	-11325232.000000000	
147	-11093840.000000000	
148	-10917128.000000000	
149	-10871798.000000000	
150	-11008940.000000000	
151	-11256240.000000000	
152	-11573507.000000000	
153	-11953695.000000000	
154	-12329408.000000000	
155	-12685448.000000000	
156	-13037277.000000000	
157	-13310277.000000000	
158	-13508614.000000000	
159	-13645313.000000000	
160	-13698087.000000000	
161	-13638135.000000000	
162	-13504094.000000000	
163	-13319893.000000000	
164	-13152353.000000000	
165	-13005107.000000000	
166	-12866414.000000000	
167	-12709686.000000000	
168	-12504836.000000000	
169	-12233298.000000000	
170	-11875221.000000000	
171	-11421564.000000000	
172	-10850307.000000000	
173	-10221356.000000000	
174	-9679078.000000000	
175	-9305758.000000000	
176	-9173445.000000000	
177	-9268758.000000000	
178	-9586202.000000000	
179	-10090594.000000000	
180	-10703460.000000000	
181	-11351243.000000000	
182	-11988612.000000000	
183	-12554817.000000000	
184	-13036435.000000000	
185	-13408515.000000000	
186	-13681737.000000000	
187	-13854816.000000000	
188	-13931695.000000000	
189	-13943305.000000000	
190	-13939671.000000000	
191	-13891106.000000000	
192	-13798496.000000000	
193	-13706241.000000000	
194	-13611947.000000000	
195	-13491687.000000000	
196	-13363717.000000000	
197	-13207653.000000000	
198	-12978033.000000000	
199	-12683985.000000000	
200	-12412492.000000000	
201	-12197495.000000000	
202	-12023840.000000000	
203	-11941554.000000000	
204	-12007135.000000000	
205	-12201660.000000000	
206	-12496151.000000000	
207	-12860166.000000000	
208	-13279791.000000000	
209	-13773372.000000000	
210	-14229908.000000000	
211	-14592638.000000000	
212	-14929934.000000000	
213	-15209359.000000000	
214	-15433972.000000000	
215	-15600536.000000000	
216	-15709674.000000000	
217	-15805121.000000000	
218	-15886875.000000000	
219	-15942573.000000000	
220	-15982409.000000000	
221	-16000089.000000000	
222	-16012496.000000000	
223	-16017193.000000000	
224	-16007445.000000000	
225	-15994728.000000000	
226	-15993310.000000000	
227	-16012452.000000000	
228	-15995614.000000000	
229	-15933578.000000000	
230	-15881247.000000000	
231	-15843406.000000000	
232	-15792271.000000000	
233	-15752346.000000000	
234	-15696559.000000000	
235	-15654065.000000000	
236	-15614672.000000000	
237	-15557156.000000000	
238	-15489139.000000000	
239	-15405214.000000000	
240	-15304495.000000000	
241	-15183614.000000000	
242	-15033356.000000000	
243	-14884072.000000000	
244	-14744093.000000000	
245	-14612667.000000000	
246	-14471935.000000000	
247	-14332355.000000000	
248	-14182584.000000000	
249	-13991914.000000000	
250	-13765750.000000000	
251	-13500948.000000000	
252	-13189087.000000000	
253	-12884404.000000000	
254	-12591508.000000000	
255	-12317002.000000000	
256	-12130452.000000000	
257	-12106347.000000000	
258	-12199134.000000000	
259	-12363484.000000000	
260	-12601390.000000000	
261	-12940413.000000000	
262	-13322064.000000000	
263	-13659670.000000000	
264	-13939848.000000000	
265	-14232877.000000000	
266	-14519614.000000000	
267	-14718880.000000000	
268	-14839096.000000000	
269	-14886155.000000000	
270	-14884648.000000000	
271	-14842597.000000000	
272	-14746442.000000000	
273	-14629815.000000000	
274	-14487355.000000000	
275	-14352871.000000000	
276	-14296951.000000000	
277	-14219672.000000000	
278	-14063565.000000000	
279	-13859247.000000000	
280	-13575479.000000000	
281	-13171628.000000000	
282	-12704236.000000000	
283	-12177776.000000000	
284	-11634789.000000000	
285	-11173822.000000000	
286	-10838830.000000000	
287	-10649622.000000000	
288	-10659149.000000000	
289	-10828772.000000000	
290	-11131726.000000000	
291	-11569430.000000000	
292	-12069081.000000000	
293	-12588008.000000000	
294	-13076315.000000000	
295	-13557489.000000000	
296	-13958902.000000000	
297	-14317777.000000000	
298	-14617940.000000000	
299	-14846230.000000000	
300	-15009384.000000000	
301	-15109128.000000000	
302	-15156452.000000000	
303	-15152065.000000000	
304	-15107975.000000000	
305	-15068538.000000000	
306	-15037033.000000000	
307	-14995780.000000000	
308	-14945398.000000000	
309	-14842198.000000000	
310	-14710151.000000000	
311	-14570306.000000000	
312	-14367849.000000000	
313	-14096222.000000000	
314	-13805852.000000000	
315	-13528288.000000000	
316	-13273145.000000000	
317	-13062224.000000000	
318	-12942097.000000000	
319	-12942141.000000000	
320	-13059610.000000000	
321	-13214388.000000000	
322	-13451275.000000000	
323	-13760300.000000000	
324	-14091924.000000000	
325	-14442070.000000000	
326	-14826290.000000000	
327	-15186938.000000000	
328	-15483556.000000000	
329	-15707548.000000000	
330	-15903048.000000000	
331	-16080602.000000000	
332	-16212692.000000000	
333	-16320633.000000000	
334	-16383911.000000000	
335	-16426184.000000000	
336	-16482990.000000000	
337	-16540683.000000000	
338	-16549989.000000000	
339	-16554642.000000000	
340	-16570284.000000000	
341	-16575468.000000000	
342	-16569619.000000000	
343	-16560445.000000000	
344	-16553356.000000000	
345	-16553162.000000000	
346	-16566007.000000000	
347	-16574621.000000000	
348	-16560845.000000000	
349	-16531511.000000000	
350	-16517464.000000000	
351	-16519459.000000000	
352	-16505279.000000000	
353	-16482814.000000000	
354	-16466684.000000000	
355	-16446656.000000000	
356	-16424810.000000000	
357	-16394236.000000000	
358	-16351033.000000000	
359	-16314476.000000000	
360	-16297857.000000000	
361	-16275519.000000000	
362	-16206485.000000000	
363	-16082286.000000000	
364	-15966413.000000000	
365	-15877880.000000000	
366	-15816154.000000000	
367	-15745256.000000000	
368	-15698420.000000000	
369	-15643696.000000000	
370	-15545591.000000000	
371	-15405701.000000000	
372	-15212860.000000000	
373	-14985101.000000000	
374	-14704169.000000000	
375	-14429042.000000000	
376	-14127328.000000000	
377	-13863899.000000000	
378	-13675932.000000000	
379	-13558995.000000000	
380	-13500017.000000000	
381	-13505246.000000000	
382	-13562540.000000000	
383	-13682180.000000000	
384	-13839395.000000000	
385	-14029002.000000000	
386	-14275992.000000000	
387	-14544827.000000000	
388	-14807901.000000000	
389	-15043104.000000000	
390	-15264349.000000000	
391	-15478859.000000000	
392	-15640195.000000000	
393	-15736970.000000000	
394	-15808090.000000000	
395	-15852223.000000000	
396	-15850451.000000000	
397	-15824352.000000000	
398	-15788017.000000000	
399	-15748048.000000000	
400	-15701477.000000000	
401	-15663591.000000000	
402	-15636650.000000000	
403	-15607228.000000000	
404	-15568411.000000000	
405	-15470661.000000000	
406	-15311496.000000000	
407	-15120117.000000000	
408	-14855048.000000000	
409	-14479601.000000000	
410	-14106945.000000000	
411	-13774480.000000000	
412	-13413123.000000000	
413	-13065415.000000000	
414	-12806195.000000000	
415	-12628685.000000000	
416	-12562529.000000000	
417	-12612157.000000000	
418	-12743894.000000000	
419	-12944977.000000000	
420	-13221833.000000000	
421	-13534979.000000000	
422	-13849853.000000000	
423	-14168936.000000000	
424	-14479911.000000000	
425	-14779764.000000000	
426	-15068583.000000000	
427	-15362011.000000000	
428	-15596637.000000000	
429	-15752922.000000000	
430	-15879386.000000000	
431	-15975585.000000000	
432	-16043115.000000000	
433	-16075905.000000000	
434	-16084989.000000000	
435	-16082907.000000000	
436	-16089243.000000000	
437	-16098991.000000000	
438	-16086673.000000000	
439	-16056985.000000000	
440	-16028714.000000000	
441	-16022954.000000000	
442	-15961849.000000000	
443	-15872562.000000000	
444	-15768298.000000000	
445	-15623224.000000000	
446	-15450721.000000000	
447	-15227748.000000000	
448	-14971808.000000000	
449	-14745068.000000000	
450	-14546732.000000000	
451	-14355441.000000000	
452	-14214930.000000000	
453	-14146425.000000000	
454	-14151035.000000000	
455	-14180280.000000000	
456	-14246569.000000000	
457	-14382117.000000000	
458	-14616699.000000000	
459	-14851149.000000000	
460	-15057594.000000000	
461	-15284909.000000000	
462	-15503806.000000000	
463	-15704490.000000000	
464	-15894009.000000000	
465	-16083261.000000000	
466	-16249250.000000000	
467	-16381296.000000000	
468	-16481572.000000000	
469	-16550210.000000000	
470	-16613575.000000000	
471	-16664179.000000000	
472	-16696126.000000000	
473	-16714781.000000000	
474	-16726478.000000000	
475	-16720985.000000000	
476	-16715535.000000000	
477	-16718814.000000000	
478	-16730955.000000000	
479	-16740525.000000000	
480	-16742075.000000000	
481	-16740039.000000000	
482	-16742255.000000000	
483	-16739950.000000000	
484	-16742033.000000000	
485	-16728518.000000000	
486	-16715712.000000000	
487	-16721473.000000000	
488	-16739995.000000000	
489	-16753244.000000000	
490	-16745179.000000000	
491	-16731133.000000000	
492	-16723954.000000000	
493	-16728163.000000000	
494	-16734633.000000000	
495	-16730955.000000000	
496	-16728961.000000000	
497	-16723157.000000000	
498	-16708800.000000000	
499	-16702906.000000000	
500	-16705122.000000000	
501	-16713452.000000000	
502	-16705609.000000000	
503	-16678004.000000000	
504	-16660368.000000000	
505	-16663115.000000000	
506	-16652259.000000000	
507	-16611227.000000000	
508	-16571746.000000000	
509	-16531023.000000000	
510	-16493846.000000000	
511	-16477938.000000000	
512	-16463582.000000000	
513	-16439389.000000000	
514	-16412403.000000000	
515	-16380365.000000000	
516	-16334901.000000000	
517	-16236533.000000000	
518	-16124692.000000000	
519	-16019365.000000000	
520	-15891526.000000000	
521	-15720397.000000000	
522	-15535577.000000000	
523	-15327404.000000000	
524	-15131903.000000000	
525	-14949608.000000000	
526	-14782112.000000000	
527	-14654009.000000000	
528	-14565830.000000000	
529	-14520101.000000000	
530	-14487710.000000000	
531	-14480753.000000000	
532	-14533971.000000000	
533	-14636152.000000000	
534	-14737358.000000000	
535	-14872064.000000000	
536	-15039825.000000000	
537	-15199876.000000000	
538	-15346369.000000000	
539	-15499065.000000000	
540	-15651273.000000000	
541	-15785447.000000000	
542	-15887761.000000000	
543	-15990828.000000000	
544	-16092566.000000000	
545	-16186772.000000000	
546	-16232855.000000000	
547	-16260239.000000000	
548	-16293960.000000000	
549	-16294270.000000000	
550	-16264892.000000000	
551	-16227803.000000000	
552	-16222173.000000000	
553	-16239678.000000000	
554	-16237375.000000000	
555	-16229355.000000000	
556	-16234362.000000000	
557	-16248364.000000000	
558	-16249339.000000000	
559	-16223904.000000000	
560	-16187658.000000000	
561	-16131206.000000000	
562	-16033411.000000000	
563	-15912088.000000000	
564	-15772907.000000000	
565	-15621452.000000000	
566	-15459318.000000000	
567	-15249328.000000000	
568	-15019619.000000000	
569	-14827575.000000000	
570	-14670759.000000000	
571	-14549479.000000000	
572	-14449381.000000000	
573	-14366608.000000000	
574	-14311042.000000000	
575	-14314808.000000000	
576	-14334039.000000000	
577	-14355353.000000000	
578	-14420357.000000000	
579	-14537693.000000000	
580	-14672354.000000000	
581	-14798374.000000000	
582	-14946152.000000000	
583	-15115243.000000000	
584	-15283713.000000000	
585	-15425198.000000000	
586	-15558131.000000000	
587	-15709896.000000000	
588	-15863079.000000000	
589	-15994993.000000000	
590	-16106965.000000000	
591	-16181407.000000000	
592	-16255675.000000000	
593	-16357369.000000000	
594	-16428709.000000000	
595	-16461056.000000000	
596	-16481972.000000000	
597	-16502355.000000000	
598	-16520345.000000000	
599	-16537538.000000000	
600	-16549236.000000000	
601	-16552602.000000000	
602	-16548703.000000000	
603	-16537493.000000000	
604	-16537139.000000000	
605	-16556104.000000000	
606	-16574360.000000000	
607	-16579278.000000000	
608	-16570771.000000000	
609	-16555306.000000000	
610	-16548704.000000000	
611	-16544672.000000000	
612	-16511438.000000000	
613	-16450954.000000000	
614	-16362901.000000000	
615	-16242728.000000000	
616	-16113080.000000000	
617	-15991050.000000000	
618	-15861130.000000000	
619	-15757619.000000000	
620	-15663370.000000000	
621	-15571158.000000000	
622	-15510408.000000000	
623	-15488607.000000000	
624	-15497071.000000000	
625	-15505756.000000000	
626	-15513023.000000000	
627	-15539166.000000000	
628	-15591985.000000000	
629	-15670991.000000000	
630	-15732805.000000000	
631	-15795816.000000000	
632	-15911423.000000000	
633	-16047768.000000000	
634	-16136523.000000000	
635	-16208440.000000000	
636	-16297239.000000000	
637	-16376068.000000000	
638	-16435711.000000000	
639	-16529030.000000000	
640	-16616500.000000000	
641	-16659083.000000000	
642	-16695506.000000000	
643	-16718016.000000000	
644	-16719922.000000000	
645	-16732550.000000000	
646	-16745401.000000000	
647	-16746597.000000000	
648	-16751604.000000000	
649	-16759447.000000000	
650	-16764587.000000000	
651	-16763656.000000000	
652	-16759712.000000000	
653	-16756434.000000000	
654	-16751205.000000000	
655	-16757409.000000000	
656	-16765119.000000000	
657	-16758251.000000000	
658	-16752358.000000000	
659	-16753819.000000000	
660	-16754129.000000000	
661	-16756124.000000000	
662	-16760599.000000000	
663	-16763878.000000000	
664	-16765828.000000000	
665	-16765739.000000000	
666	-16767379.000000000	
667	-16767069.000000000	
668	-16762771.000000000	
669	-16759181.000000000	
670	-16763036.000000000	
671	-16763524.000000000	
672	-16767379.000000000	
673	-16767069.000000000	
674	-16766980.000000000	
675	-16770392.000000000	
676	-16768664.000000000	
677	-16761042.000000000	
678	-16756656.000000000	
679	-16755637.000000000	
680	-16757497.000000000	
681	-16751426.000000000	
682	-16745622.000000000	
683	-16755858.000000000	
684	-16764446.000000000	
685	-16762005.000000000	
686	-16761747.000000000	
687	-16762017.000000000	
688	-16754484.000000000	
689	-16746375.000000000	
690	-16760421.000000000	
691	-16763169.000000000	
692	-16754883.000000000	
693	-16757807.000000000	
694	-16747614.000000000	
695	-16738176.000000000	
696	-16750452.000000000	
697	-16761530.000000000	
698	-16756124.000000000	
699	-16751959.000000000	
700	-16761751.000000000	
701	-16766890.000000000	
702	-16764364.000000000	
703	-16764100.000000000	
704	-16760378.000000000	
705	-16756833.000000000	
706	-16755282.000000000	
707	-16758162.000000000	
708	-16758783.000000000	
709	-16741634.000000000	
710	-16735209.000000000	
711	-16754350.000000000	
712	-16760687.000000000	
713	-16753952.000000000	
714	-16740305.000000000	
715	-16732240.000000000	
716	-16741191.000000000	
717	-16749654.000000000	
718	-16754174.000000000	
719	-16743229.000000000	
720	-16724575.000000000	
721	-16695196.000000000	
722	-16668166.000000000	
723	-16671046.000000000	
724	-16665729.000000000	
725	-16626647.000000000	
726	-16600947.000000000	
727	-16577417.000000000	
728	-16529384.000000000	
729	-16480642.000000000	
730	-16457112.000000000	
731	-16449890.000000000	
732	-16435090.000000000	
733	-16407175.000000000	
734	-16392596.000000000	
735	-16401546.000000000	
736	-16420556.000000000	
737	-16433983.000000000	
738	-16448694.000000000	
739	-16464646.000000000	
740	-16493448.000000000	
741	-16521541.000000000	
742	-16534790.000000000	
743	-16559560.000000000	
744	-16598421.000000000	
745	-16632762.000000000	
746	-16659260.000000000	
747	-16674769.000000000	
748	-16690853.000000000	
749	-16707027.000000000	
750	-16717617.000000000	
751	-16721118.000000000	
752	-16739994.000000000	
753	-16749919.000000000	
754	-16744337.000000000	
755	-16742520.000000000	
756	-16760555.000000000	
757	-16766980.000000000	
758	-16762638.000000000	
759	-16762593.000000000	
760	-16761884.000000000	
761	-16762416.000000000	
762	-16760688.000000000	
763	-16763391.000000000	
764	-16760865.000000000	
765	-16759846.000000000	
766	-16755680.000000000	
767	-16764100.000000000	
768	-16768886.000000000	
769	-16764189.000000000	
770	-16758915.000000000	
771	-16758051.000000000	
772	-16758491.000000000	
773	-16751416.000000000	
774	-16757310.000000000	
775	-16765916.000000000	
776	-16761044.000000000	
777	-16761910.000000000	
778	-16760398.000000000	
779	-16763334.000000000	
780	-16769610.000000000	
781	-16768629.000000000	
782	-16767771.000000000	
783	-16759272.000000000	
784	-16755066.000000000	
785	-16755579.000000000	
786	-16756510.000000000	
787	-16752582.000000000	
788	-16742189.000000000	
789	-16738627.000000000	
790	-16747652.000000000	
791	-16753590.000000000	
792	-16756123.000000000	
793	-16758918.000000000	
794	-16766851.000000000	
795	-16762546.000000000	
796	-16756391.000000000	
797	-16758343.000000000	
798	-16760367.000000000	
799	-16768716.000000000	
800	-16763701.000000000	
801	-16765505.000000000	
802	-16773305.000000000	
803	-16767961.000000000	
804	-16771258.000000000	
805	-16765965.000000000	
806	-16761919.000000000	
807	-16770950.000000000	
808	-16776524.000000000	
809	-16776469.000000000	
810	-16777216.000000000	
811	-16777216.000000000	
812	-16777216.000000000	
813	-16777216.000000000	
814	-16777216.000000000	
815	-16777216.000000000	
816	-16777216.000000000	
817	-16777216.000000000	
818	-16777216.000000000	
819	-16777216.000000000	
820	-16777216.000000000	
821	-16777216.000000000	
822	NaN	
