0	-16691515.000000000	
1	-16766936.000000000	
2	-16709978.000000000	
3	-16739308.000000000	
4	-16741376.000000000	
5	-16714678.000000000	
6	-16740970.000000000	
7	-16730313.000000000	
8	-16694869.000000000	
9	-16691634.000000000	
10	-16710978.000000000	
11	-16711894.000000000	
12	-16695840.000000000	
13	-16675516.000000000	
14	-16673937.000000000	
15	-16655621.000000000	
16	-16635701.000000000	
17	-16590745.000000000	
18	-16545944.000000000	
19	-16510060.000000000	
20	-16469010.000000000	
21	-16406466.000000000	
22	-16362974.000000000	
23	-16361797.000000000	
24	-16338938.000000000	
25	-16291636.000000000	
26	-16257596.000000000	
27	-16207613.000000000	
28	-16153249.000000000	
29	-16093120.000000000	
30	-16021312.000000000	
31	-15940526.000000000	
32	-15862911.000000000	
33	-15778133.000000000	
34	-15709590.000000000	
35	-15669179.000000000	
36	-15603064.000000000	
37	-15533115.000000000	
38	-15500749.000000000	
39	-15424113.000000000	
40	-15329021.000000000	
41	-15262048.000000000	
42	-15246783.000000000	
43	-15235888.000000000	
44	-15207325.000000000	
45	-15174354.000000000	
46	-15111277.000000000	
47	-15053169.000000000	
48	-15008637.000000000	
49	-14931603.000000000	
50	-14885047.000000000	
51	-14854101.000000000	
52	-14813466.000000000	
53	-14777915.000000000	
54	-14751498.000000000	
55	-14725562.000000000	
56	-14695420.000000000	
57	-14668039.000000000	
58	-14675439.000000000	
59	-14668698.000000000	
60	-14648448.000000000	
61	-14630016.000000000	
62	-14595413.000000000	
63	-14569173.000000000	
64	-14588757.000000000	
65	-14600747.000000000	
66	-14593835.000000000	
67	-14580779.000000000	
68	-14581333.000000000	
69	-14586027.000000000	
70	-14582272.000000000	
71	-14557184.000000000	
72	-14513280.000000000	
73	-14452352.000000000	
74	-14373205.000000000	
75	-14246272.000000000	
76	-14119253.000000000	
77	-14022315.000000000	
78	-13946539.000000000	
79	-13874645.000000000	
80	-13763755.000000000	
81	-13616555.000000000	
82	-13467477.000000000	
83	-13328085.000000000	
84	-13222186.000000000	
85	-13163946.000000000	
86	-13169920.000000000	
87	-13252651.000000000	
88	-13396096.000000000	
89	-13590144.000000000	
90	-13834197.000000000	
91	-14070485.000000000	
92	-14286379.000000000	
93	-14519509.000000000	
94	-14737920.000000000	
95	-14938155.000000000	
96	-15062400.000000000	
97	-15164416.000000000	
98	-15272234.000000000	
99	-15410048.000000000	
100	-15494485.000000000	
101	-15570261.000000000	
102	-15620352.000000000	
103	-15641045.000000000	
104	-15672619.000000000	
105	-15698944.000000000	
106	-15707605.000000000	
107	-15717077.000000000	
108	-15727744.000000000	
109	-15759872.000000000	
110	-15796181.000000000	
111	-15837013.000000000	
112	-15883776.000000000	
113	-15946752.000000000	
114	-16006826.000000000	
115	-16071978.000000000	
116	-16122709.000000000	
117	-16158676.000000000	
118	-16195539.000000000	
119	-16227072.000000000	
120	-16262741.000000000	
121	-16308266.000000000	
122	-16351445.000000000	
123	-16388522.000000000	
124	-16401664.000000000	
125	-16393899.000000000	
126	-16411520.000000000	
127	-16426923.000000000	
128	-16424747.000000000	
129	-16429483.000000000	
130	-16439851.000000000	
131	-16432853.000000000	
132	-16414549.000000000	
133	-16422741.000000000	
134	-16428757.000000000	
135	-16417963.000000000	
136	-16403456.000000000	
137	-16382805.000000000	
138	-16369791.000000000	
139	-16370511.000000000	
140	-16362022.000000000	
141	-16344957.000000000	
142	-16329472.000000000	
143	-16308693.000000000	
144	-16282752.000000000	
145	-16246144.000000000	
146	-16212437.000000000	
147	-16204544.000000000	
148	-16186366.000000000	
149	-16142547.000000000	
150	-16097664.000000000	
151	-16059776.000000000	
152	-16038482.000000000	
153	-16028541.000000000	
154	-16027904.000000000	
155	-16016171.000000000	
156	-16015061.000000000	
157	-16032384.000000000	
158	-16039936.000000000	
159	-16037077.000000000	
160	-16039936.000000000	
161	-16034560.000000000	
162	-16016341.000000000	
163	-15975296.000000000	
164	-15905195.000000000	
165	-15821141.000000000	
166	-15722752.000000000	
167	-15622955.000000000	
168	-15525931.000000000	
169	-15403307.000000000	
170	-15269291.000000000	
171	-15084843.000000000	
172	-14853546.000000000	
173	-14632277.000000000	
174	-14444544.000000000	
175	-14283477.000000000	
176	-14173952.000000000	
177	-14122752.000000000	
178	-14123989.000000000	
179	-14223829.000000000	
180	-14416256.000000000	
181	-14663424.000000000	
182	-14950059.000000000	
183	-15236522.000000000	
184	-15499347.000000000	
185	-15740884.000000000	
186	-15966421.000000000	
187	-16121301.000000000	
188	-16225365.000000000	
189	-16318976.000000000	
190	-16393173.000000000	
191	-16450432.000000000	
192	-16500864.000000000	
193	-16537899.000000000	
194	-16557099.000000000	
195	-16567765.000000000	
196	-16580821.000000000	
197	-16601429.000000000	
198	-16606080.000000000	
199	-16596690.000000000	
200	-16584402.000000000	
201	-16572202.000000000	
202	-16572843.000000000	
203	-16596650.000000000	
204	-16622976.000000000	
205	-16644267.000000000	
206	-16675712.000000000	
207	-16703086.000000000	
208	-16713795.000000000	
209	-16730879.000000000	
210	-16747093.000000000	
211	-16749739.000000000	
212	-16749227.000000000	
213	-16757931.000000000	
214	-16763989.000000000	
215	-16765184.000000000	
216	-16763562.000000000	
217	-16763819.000000000	
218	-16757546.000000000	
219	-16745984.000000000	
220	-16741418.000000000	
221	-16745600.000000000	
222	-16759849.000000000	
223	-16767572.000000000	
224	-16760746.000000000	
225	-16751914.000000000	
226	-16755029.000000000	
227	-16765397.000000000	
228	-16771883.000000000	
229	-16770560.000000000	
230	-16758570.000000000	
231	-16750037.000000000	
232	-16755840.000000000	
233	-16760234.000000000	
234	-16751957.000000000	
235	-16735402.000000000	
236	-16733525.000000000	
237	-16749781.000000000	
238	-16758485.000000000	
239	-16751232.000000000	
240	-16744789.000000000	
241	-16742996.000000000	
242	-16728746.000000000	
243	-16717525.000000000	
244	-16722517.000000000	
245	-16714197.000000000	
246	-16693376.000000000	
247	-16669099.000000000	
248	-16647253.000000000	
249	-16636757.000000000	
250	-16634496.000000000	
251	-16619306.000000000	
252	-16608298.000000000	
253	-16602453.000000000	
254	-16612949.000000000	
255	-16633173.000000000	
256	-16637352.000000000	
257	-16636371.000000000	
258	-16647765.000000000	
259	-16659584.000000000	
260	-16645461.000000000	
261	-16617301.000000000	
262	-16594901.000000000	
263	-16565888.000000000	
264	-16513450.000000000	
265	-16453632.000000000	
266	-16391253.000000000	
267	-16328832.000000000	
268	-16232363.000000000	
269	-16103125.000000000	
270	-15954176.000000000	
271	-15798784.000000000	
272	-15630848.000000000	
273	-15431680.000000000	
274	-15226240.000000000	
275	-15046272.000000000	
276	-14897664.000000000	
277	-14821589.000000000	
278	-14823125.000000000	
279	-14929835.000000000	
280	-15083221.000000000	
281	-15246208.000000000	
282	-15457706.000000000	
283	-15725099.000000000	
284	-15971285.000000000	
285	-16187605.000000000	
286	-16389333.000000000	
287	-16543223.000000000	
288	-16633505.000000000	
289	-16691411.000000000	
290	-16730453.000000000	
291	-16748842.000000000	
292	-16755028.000000000	
293	-16758570.000000000	
294	-16757547.000000000	
295	-16756736.000000000	
296	-16742825.000000000	
297	-16739155.000000000	
298	-16740181.000000000	
299	-16743535.000000000	
300	-16749423.000000000	
301	-16741456.000000000	
302	-16726101.000000000	
303	-16719019.000000000	
304	-16739115.000000000	
305	-16752171.000000000	
306	-16754688.000000000	
307	-16757931.000000000	
308	-16759808.000000000	
309	-16761301.000000000	
310	-16764117.000000000	
311	-16762155.000000000	
312	-16760875.000000000	
313	-16760789.000000000	
314	-16762666.000000000	
315	-16763861.000000000	
316	-16765013.000000000	
317	-16765098.000000000	
318	-16762026.000000000	
319	-16763264.000000000	
320	-16765696.000000000	
321	-16770901.000000000	
322	-16774571.000000000	
323	-16774144.000000000	
324	-16770645.000000000	
325	-16765312.000000000	
326	-16765099.000000000	
327	-16769109.000000000	
328	-16768554.000000000	
329	-16766634.000000000	
330	-16772736.000000000	
331	-16773333.000000000	
332	-16766122.000000000	
333	-16763050.000000000	
334	-16763861.000000000	
335	-16771754.000000000	
336	-16772096.000000000	
337	-16766208.000000000	
338	-16767531.000000000	
339	-16766592.000000000	
340	-16763307.000000000	
341	-16761472.000000000	
342	-16767147.000000000	
343	-16771797.000000000	
344	-16766933.000000000	
345	-16761642.000000000	
346	-16760874.000000000	
347	-16765226.000000000	
348	-16768341.000000000	
349	-16765653.000000000	
350	-16755840.000000000	
351	-16750464.000000000	
352	-16743040.000000000	
353	-16744320.000000000	
354	-16753109.000000000	
355	-16755413.000000000	
356	-16751957.000000000	
357	-16745685.000000000	
358	-16737835.000000000	
359	-16740523.000000000	
360	-16737280.000000000	
361	-16736768.000000000	
362	-16744960.000000000	
363	-16744660.000000000	
364	-16737535.000000000	
365	-16749525.000000000	
366	-16753451.000000000	
367	-16753451.000000000	
368	-16755797.000000000	
369	-16753621.000000000	
370	-16755285.000000000	
371	-16752384.000000000	
372	-16742784.000000000	
373	-16731093.000000000	
374	-16728960.000000000	
375	-16706858.000000000	
376	-16675242.000000000	
377	-16670805.000000000	
378	-16648448.000000000	
379	-16601429.000000000	
380	-16549120.000000000	
381	-16466176.000000000	
382	-16320000.000000000	
383	-16140032.000000000	
384	-15944405.000000000	
385	-15735040.000000000	
386	-15559253.000000000	
387	-15409962.000000000	
388	-15292629.000000000	
389	-15234218.000000000	
390	-15227774.000000000	
391	-15290197.000000000	
392	-15394389.000000000	
393	-15544361.000000000	
394	-15715497.000000000	
395	-15906346.000000000	
396	-16103424.000000000	
397	-16266880.000000000	
398	-16425984.000000000	
399	-16562005.000000000	
400	-16692991.000000000	
401	-16734293.000000000	
402	-16752766.000000000	
403	-16762708.000000000	
404	-16766292.000000000	
405	-16768084.000000000	
406	-16771369.000000000	
407	-16771711.000000000	
408	-16771498.000000000	
409	-16770645.000000000	
410	-16763392.000000000	
411	-16760661.000000000	
412	-16765141.000000000	
413	-16768128.000000000	
414	-16763690.000000000	
415	-16765013.000000000	
416	-16764074.000000000	
417	-16758656.000000000	
418	-16758784.000000000	
419	-16759721.000000000	
420	-16758225.000000000	
421	-16765395.000000000	
422	-16762708.000000000	
423	-16748032.000000000	
424	-16751403.000000000	
425	-16763349.000000000	
426	-16767147.000000000	
427	-16765056.000000000	
428	-16758997.000000000	
429	-16764501.000000000	
430	-16766336.000000000	
431	-16758528.000000000	
432	-16761771.000000000	
433	-16770430.000000000	
434	-16769918.000000000	
435	-16770389.000000000	
436	-16771157.000000000	
437	-16769920.000000000	
438	-16772779.000000000	
439	-16770773.000000000	
440	-16764160.000000000	
441	-16768597.000000000	
442	-16772395.000000000	
443	-16772053.000000000	
444	-16772009.000000000	
445	-16773929.000000000	
446	-16773034.000000000	
447	-16769237.000000000	
448	-16760943.000000000	
449	-16758292.000000000	
450	-16768677.000000000	
451	-16775424.000000000	
452	-16775467.000000000	
453	-16773248.000000000	
454	-16771669.000000000	
455	-16773760.000000000	
456	-16774186.000000000	
457	-16773460.000000000	
458	-16771626.000000000	
459	-16771328.000000000	
460	-16767019.000000000	
461	-16769323.000000000	
462	-16768849.000000000	
463	-16763302.000000000	
464	-16766077.000000000	
465	-16767445.000000000	
466	-16768725.000000000	
467	-16771198.000000000	
468	-16772478.000000000	
469	-16771370.000000000	
470	-16769662.000000000	
471	-16768551.000000000	
472	-16766889.000000000	
473	-16740991.000000000	
474	-16735530.000000000	
475	-16739968.000000000	
476	-16764331.000000000	
477	-16765781.000000000	
478	-16763008.000000000	
479	-16761258.000000000	
480	-16766634.000000000	
481	-16767616.000000000	
482	-16762624.000000000	
483	-16763648.000000000	
484	-16768597.000000000	
485	-16768171.000000000	
486	-16765909.000000000	
487	-16765227.000000000	
488	-16760875.000000000	
489	-16765952.000000000	
490	-16767744.000000000	
491	-16764542.000000000	
492	-16769363.000000000	
493	-16765439.000000000	
494	-16759125.000000000	
495	-16763434.000000000	
496	-16770431.000000000	
497	-16771925.000000000	
498	-16767232.000000000	
499	-16758357.000000000	
500	-16762624.000000000	
501	-16768128.000000000	
502	-16758783.000000000	
503	-16751957.000000000	
504	-16753621.000000000	
505	-16759979.000000000	
506	-16765056.000000000	
507	-16767317.000000000	
508	-16758869.000000000	
509	-16742400.000000000	
510	-16719872.000000000	
511	-16655189.000000000	
512	-16550016.000000000	
513	-16441258.000000000	
514	-16329770.000000000	
515	-16198613.000000000	
516	-16061694.000000000	
517	-15992062.000000000	
518	-15957802.000000000	
519	-15924693.000000000	
520	-15935829.000000000	
521	-15984043.000000000	
522	-16066859.000000000	
523	-16182187.000000000	
524	-16293973.000000000	
525	-16417408.000000000	
526	-16540672.000000000	
527	-16641664.000000000	
528	-16707029.000000000	
529	-16733056.000000000	
530	-16742058.000000000	
531	-16761002.000000000	
532	-16771712.000000000	
533	-16770731.000000000	
534	-16766208.000000000	
535	-16763136.000000000	
536	-16766208.000000000	
537	-16765823.000000000	
538	-16764799.000000000	
539	-16768725.000000000	
540	-16768555.000000000	
541	-16770901.000000000	
542	-16770474.000000000	
543	-16765012.000000000	
544	-16765695.000000000	
545	-16766080.000000000	
546	-16765739.000000000	
547	-16762453.000000000	
548	-16754005.000000000	
549	-16755242.000000000	
550	-16766037.000000000	
551	-16768384.000000000	
552	-16753493.000000000	
553	-16742016.000000000	
554	-16753067.000000000	
555	-16765801.000000000	
556	-16769625.000000000	
557	-16771421.000000000	
558	-16771365.000000000	
559	-16765717.000000000	
560	-16757549.000000000	
561	-16762727.000000000	
562	-16770279.000000000	
563	-16771997.000000000	
564	-16775272.000000000	
565	-16774555.000000000	
566	-16769703.000000000	
567	-16769818.000000000	
568	-16771767.000000000	
569	-16773635.000000000	
570	-16771227.000000000	
571	-16771808.000000000	
572	-16773930.000000000	
573	-16772232.000000000	
574	-16770956.000000000	
575	-16768050.000000000	
576	-16770501.000000000	
577	-16775422.000000000	
578	-16777216.000000000	
579	-16777216.000000000	
580	-16773842.000000000	
581	-16767246.000000000	
582	-16770288.000000000	
583	-16775818.000000000	
584	-16777216.000000000	
585	-16776865.000000000	
586	-16777216.000000000	
587	-16775239.000000000	
588	-16772717.000000000	
589	-16775489.000000000	
590	-16774887.000000000	
591	-16768610.000000000	
592	-16764986.000000000	
593	-16762371.000000000	
594	-16771892.000000000	
595	-16777216.000000000	
596	-16776091.000000000	
597	-16769934.000000000	
598	-16763353.000000000	
599	-16770662.000000000	
600	-16777216.000000000	
601	-16777216.000000000	
602	-16776381.000000000	
603	-16777216.000000000	
604	-16777216.000000000	
605	-16776110.000000000	
606	-16777216.000000000	
607	-16777216.000000000	
608	-16777216.000000000	
609	-16773361.000000000	
610	-16777216.000000000	
611	-16777216.000000000	
612	-16777216.000000000	
613	-16777216.000000000	
614	-16777216.000000000	
615	NaN	
