0	-14940783.000000000	
1	-14693747.000000000	
2	-14518633.000000000	
3	-14333194.000000000	
4	-14201013.000000000	
5	-13854840.000000000	
6	-13452246.000000000	
7	-13186857.000000000	
8	-13033774.000000000	
9	-12861730.000000000	
10	-12773598.000000000	
11	-12736191.000000000	
12	-12748424.000000000	
13	-12729514.000000000	
14	-12764248.000000000	
15	-12866600.000000000	
16	-12958657.000000000	
17	-13055753.000000000	
18	-13155189.000000000	
19	-13306418.000000000	
20	-13512143.000000000	
21	-13696431.000000000	
22	-13872459.000000000	
23	-14034187.000000000	
24	-14206755.000000000	
25	-14333214.000000000	
26	-14441912.000000000	
27	-14578809.000000000	
28	-14720705.000000000	
29	-14800262.000000000	
30	-14873774.000000000	
31	-14967073.000000000	
32	-15048155.000000000	
33	-15082605.000000000	
34	-15071796.000000000	
35	-15041661.000000000	
36	-15005930.000000000	
37	-14997124.000000000	
38	-14980286.000000000	
39	-14936164.000000000	
40	-14882587.000000000	
41	-14822015.000000000	
42	-14812431.000000000	
43	-14805955.000000000	
44	-14738002.000000000	
45	-14652477.000000000	
46	-14593891.000000000	
47	-14542041.000000000	
48	-14508280.000000000	
49	-14450429.000000000	
50	-14366372.000000000	
51	-14293497.000000000	
52	-14252353.000000000	
53	-14206547.000000000	
54	-14167864.000000000	
55	-14124951.000000000	
56	-14115582.000000000	
57	-14105264.000000000	
58	-14077590.000000000	
59	-14047974.000000000	
60	-14038692.000000000	
61	-14054666.000000000	
62	-14095809.000000000	
63	-14116403.000000000	
64	-14127671.000000000	
65	-14153445.000000000	
66	-14236638.000000000	
67	-14358558.000000000	
68	-14487860.000000000	
69	-14587977.000000000	
70	-14676049.000000000	
71	-14787305.000000000	
72	-14920104.000000000	
73	-15032655.000000000	
74	-15133894.000000000	
75	-15211044.000000000	
76	-15272737.000000000	
77	-15339266.000000000	
78	-15405320.000000000	
79	-15419611.000000000	
80	-15426605.000000000	
81	-15447068.000000000	
82	-15450608.000000000	
83	-15434678.000000000	
84	-15417452.000000000	
85	-15402816.000000000	
86	-15409249.000000000	
87	-15380798.000000000	
88	-15340821.000000000	
89	-15326962.000000000	
90	-15334517.000000000	
91	-15336374.000000000	
92	-15300584.000000000	
93	-15274594.000000000	
94	-15267254.000000000	
95	-15249813.000000000	
96	-15223046.000000000	
97	-15192048.000000000	
98	-15172447.000000000	
99	-15136312.000000000	
100	-15062875.000000000	
101	-14997512.000000000	
102	-14955117.000000000	
103	-14920060.000000000	
104	-14912678.000000000	
105	-14917384.000000000	
106	-14887767.000000000	
107	-14849560.000000000	
108	-14842609.000000000	
109	-14834708.000000000	
110	-14842566.000000000	
111	-14873779.000000000	
112	-14895970.000000000	
113	-14919327.000000000	
114	-14999196.000000000	
115	-15102114.000000000	
116	-15211124.000000000	
117	-15364089.000000000	
118	-15531082.000000000	
119	-15674010.000000000	
120	-15813760.000000000	
121	-15953348.000000000	
122	-16070869.000000000	
123	-16160841.000000000	
124	-16255302.000000000	
125	-16339878.000000000	
126	-16400276.000000000	
127	-16452730.000000000	
128	-16496249.000000000	
129	-16509891.000000000	
130	-16512654.000000000	
131	-16528024.000000000	
132	-16550430.000000000	
133	-16557813.000000000	
134	-16559626.000000000	
135	-16548703.000000000	
136	-16531909.000000000	
137	-16534629.000000000	
138	-16535795.000000000	
139	-16519821.000000000	
140	-16505272.000000000	
141	-16503545.000000000	
142	-16487787.000000000	
143	-16469050.000000000	
144	-16463092.000000000	
145	-16449320.000000000	
146	-16418624.000000000	
147	-16381496.000000000	
148	-16336035.000000000	
149	-16288934.000000000	
150	-16269506.000000000	
151	-16246323.000000000	
152	-16198401.000000000	
153	-16160495.000000000	
154	-16110933.000000000	
155	-16020400.000000000	
156	-15959441.000000000	
157	-15916613.000000000	
158	-15859755.000000000	
159	-15791758.000000000	
160	-15705413.000000000	
161	-15611729.000000000	
162	-15526851.000000000	
163	-15457646.000000000	
164	-15408256.000000000	
165	-15351009.000000000	
166	-15261685.000000000	
167	-15174304.000000000	
168	-15106609.000000000	
169	-15022077.000000000	
170	-14972299.000000000	
171	-14974760.000000000	
172	-14993583.000000000	
173	-15016767.000000000	
174	-15063609.000000000	
175	-15141406.000000000	
176	-15242085.000000000	
177	-15383907.000000000	
178	-15543516.000000000	
179	-15674027.000000000	
180	-15831089.000000000	
181	-15996137.000000000	
182	-16113135.000000000	
183	-16204100.000000000	
184	-16296835.000000000	
185	-16350110.000000000	
186	-16388188.000000000	
187	-16395872.000000000	
188	-16399974.000000000	
189	-16398549.000000000	
190	-16381841.000000000	
191	-16371178.000000000	
192	-16373121.000000000	
193	-16377265.000000000	
194	-16351232.000000000	
195	-16312981.000000000	
196	-16271751.000000000	
197	-16236393.000000000	
198	-16212346.000000000	
199	-16188558.000000000	
200	-16178585.000000000	
201	-16191580.000000000	
202	-16212087.000000000	
203	-16223355.000000000	
204	-16228751.000000000	
205	-16250899.000000000	
206	-16289841.000000000	
207	-16300418.000000000	
208	-16265578.000000000	
209	-16228535.000000000	
210	-16209496.000000000	
211	-16176685.000000000	
212	-16132390.000000000	
213	-16087793.000000000	
214	-16037108.000000000	
215	-15976494.000000000	
216	-15906166.000000000	
217	-15843522.000000000	
218	-15779972.000000000	
219	-15704118.000000000	
220	-15634394.000000000	
221	-15551114.000000000	
222	-15450220.000000000	
223	-15366940.000000000	
224	-15289834.000000000	
225	-15223477.000000000	
226	-15180650.000000000	
227	-15196797.000000000	
228	-15231853.000000000	
229	-15332445.000000000	
230	-15407738.000000000	
231	-15508935.000000000	
232	-15680891.000000000	
233	-15886781.000000000	
234	-16065559.000000000	
235	-16205395.000000000	
236	-16333143.000000000	
237	-16452040.000000000	
238	-16550560.000000000	
239	-16614973.000000000	
240	-16652965.000000000	
241	-16692036.000000000	
242	-16719753.000000000	
243	-16725927.000000000	
244	-16730028.000000000	
245	-16730978.000000000	
246	-16731237.000000000	
247	-16739008.000000000	
248	-16751096.000000000	
249	-16752219.000000000	
250	-16747643.000000000	
251	-16750147.000000000	
252	-16758911.000000000	
253	-16762408.000000000	
254	-16760766.000000000	
255	-16759600.000000000	
256	-16752910.000000000	
257	-16759861.000000000	
258	-16761156.000000000	
259	-16759299.000000000	
260	-16752046.000000000	
261	-16753513.000000000	
262	-16749931.000000000	
263	-16746218.000000000	
264	-16739095.000000000	
265	-16740260.000000000	
266	-16740562.000000000	
267	-16731108.000000000	
268	-16726445.000000000	
269	-16725107.000000000	
270	-16709780.000000000	
271	-16696785.000000000	
272	-16683272.000000000	
273	-16669932.000000000	
274	-16652361.000000000	
275	-16651885.000000000	
276	-16642949.000000000	
277	-16611994.000000000	
278	-16578363.000000000	
279	-16536356.000000000	
280	-16490205.000000000	
281	-16453249.000000000	
282	-16429245.000000000	
283	-16406407.000000000	
284	-16353596.000000000	
285	-16280199.000000000	
286	-16233152.000000000	
287	-16196587.000000000	
288	-16139988.000000000	
289	-16083821.000000000	
290	-16008873.000000000	
291	-15916700.000000000	
292	-15821202.000000000	
293	-15719228.000000000	
294	-15628134.000000000	
295	-15557720.000000000	
296	-15526981.000000000	
297	-15517656.000000000	
298	-15526808.000000000	
299	-15561260.000000000	
300	-15629732.000000000	
301	-15738483.000000000	
302	-15870548.000000000	
303	-15999244.000000000	
304	-16139296.000000000	
305	-16276630.000000000	
306	-16383223.000000000	
307	-16481786.000000000	
308	-16561871.000000000	
309	-16608023.000000000	
310	-16649425.000000000	
311	-16693807.000000000	
312	-16721826.000000000	
313	-16737972.000000000	
314	-16740087.000000000	
315	-16741512.000000000	
316	-16737368.000000000	
317	-16712457.000000000	
318	-16702095.000000000	
319	-16713062.000000000	
320	-16725970.000000000	
321	-16711076.000000000	
322	-16701966.000000000	
323	-16691259.000000000	
324	-16687762.000000000	
325	-16685863.000000000	
326	-16675674.000000000	
327	-16652188.000000000	
328	-16624730.000000000	
329	-16618773.000000000	
330	-16617002.000000000	
331	-16605130.000000000	
332	-16600856.000000000	
333	-16612901.000000000	
334	-16617132.000000000	
335	-16613376.000000000	
336	-16628184.000000000	
337	-16649943.000000000	
338	-16663845.000000000	
339	-16675847.000000000	
340	-16662118.000000000	
341	-16655210.000000000	
342	-16652059.000000000	
343	-16646360.000000000	
344	-16648303.000000000	
345	-16653052.000000000	
346	-16639841.000000000	
347	-16630602.000000000	
348	-16618686.000000000	
349	-16573873.000000000	
350	-16524570.000000000	
351	-16498451.000000000	
352	-16475526.000000000	
353	-16420006.000000000	
354	-16323515.000000000	
355	-16225168.000000000	
356	-16128289.000000000	
357	-16039094.000000000	
358	-15962895.000000000	
359	-15874261.000000000	
360	-15798450.000000000	
361	-15736756.000000000	
362	-15692202.000000000	
363	-15700923.000000000	
364	-15764085.000000000	
365	-15814726.000000000	
366	-15885745.000000000	
367	-15998123.000000000	
368	-16112401.000000000	
369	-16215713.000000000	
370	-16321659.000000000	
371	-16426266.000000000	
372	-16527678.000000000	
373	-16601892.000000000	
374	-16659268.000000000	
375	-16704081.000000000	
376	-16735123.000000000	
377	-16754032.000000000	
378	-16758393.000000000	
379	-16758652.000000000	
380	-16759860.000000000	
381	-16762580.000000000	
382	-16762840.000000000	
383	-16763789.000000000	
384	-16766293.000000000	
385	-16769618.000000000	
386	-16770697.000000000	
387	-16768668.000000000	
388	-16774237.000000000	
389	-16775446.000000000	
390	-16771819.000000000	
391	-16764480.000000000	
392	-16764610.000000000	
393	-16767329.000000000	
394	-16766120.000000000	
395	-16766725.000000000	
396	-16768063.000000000	
397	-16766121.000000000	
398	-16768366.000000000	
399	-16771388.000000000	
400	-16771604.000000000	
401	-16771819.000000000	
402	-16771992.000000000	
403	-16772337.000000000	
404	-16773330.000000000	
405	-16767329.000000000	
406	-16763660.000000000	
407	-16764868.000000000	
408	-16766119.000000000	
409	-16765300.000000000	
410	-16761847.000000000	
411	-16757745.000000000	
412	-16759343.000000000	
413	-16763487.000000000	
414	-16763142.000000000	
415	-16759947.000000000	
416	-16759515.000000000	
417	-16752737.000000000	
418	-16743887.000000000	
419	-16745139.000000000	
420	-16744275.000000000	
421	-16747125.000000000	
422	-16751831.000000000	
423	-16750708.000000000	
424	-16747686.000000000	
425	-16740950.000000000	
426	-16742245.000000000	
427	-16740865.000000000	
428	-16738231.000000000	
429	-16727352.000000000	
430	-16721178.000000000	
431	-16718329.000000000	
432	-16711853.000000000	
433	-16685474.000000000	
434	-16657887.000000000	
435	-16648734.000000000	
436	-16640791.000000000	
437	-16623565.000000000	
438	-16575255.000000000	
439	-16507301.000000000	
440	-16466978.000000000	
441	-16394491.000000000	
442	-16305167.000000000	
443	-16223571.000000000	
444	-16122417.000000000	
445	-16045743.000000000	
446	-15992252.000000000	
447	-15931119.000000000	
448	-15887861.000000000	
449	-15850214.000000000	
450	-15804969.000000000	
451	-15802508.000000000	
452	-15852761.000000000	
453	-15881298.000000000	
454	-15915275.000000000	
455	-15981329.000000000	
456	-16047988.000000000	
457	-16095175.000000000	
458	-16147630.000000000	
459	-16218649.000000000	
460	-16315873.000000000	
461	-16397858.000000000	
462	-16459897.000000000	
463	-16508941.000000000	
464	-16566620.000000000	
465	-16612297.000000000	
466	-16646705.000000000	
467	-16673213.000000000	
468	-16690051.000000000	
469	-16705420.000000000	
470	-16698944.000000000	
471	-16683143.000000000	
472	-16692468.000000000	
473	-16716213.000000000	
474	-16726143.000000000	
475	-16738317.000000000	
476	-16735080.000000000	
477	-16726359.000000000	
478	-16733569.000000000	
479	-16732101.000000000	
480	-16728776.000000000	
481	-16732748.000000000	
482	-16733957.000000000	
483	-16727827.000000000	
484	-16713839.000000000	
485	-16705809.000000000	
486	-16699073.000000000	
487	-16686682.000000000	
488	-16669846.000000000	
489	-16665269.000000000	
490	-16673688.000000000	
491	-16671702.000000000	
492	-16655182.000000000	
493	-16647522.000000000	
494	-16647045.000000000	
495	-16650948.000000000	
496	-16659129.000000000	
497	-16652561.000000000	
498	-16648872.000000000	
499	-16669331.000000000	
500	-16687908.000000000	
501	-16699446.000000000	
502	-16714893.000000000	
503	-16718738.000000000	
504	-16715203.000000000	
505	-16720418.000000000	
506	-16741483.000000000	
507	-16747750.000000000	
508	-16737842.000000000	
509	-16745007.000000000	
510	-16751658.000000000	
511	-16769744.000000000	
512	-16766832.000000000	
513	-16773958.000000000	
514	-16774200.000000000	
515	-16768740.000000000	
516	-16773500.000000000	
517	-16777216.000000000	
518	-16777216.000000000	
519	-16777212.000000000	
520	-16771828.000000000	
521	-16760224.000000000	
522	-16777216.000000000	
523	-16777216.000000000	
524	-16777216.000000000	
525	NaN	
