f / Hz	X / V	dX / V	Y / V	dY / V	A / V	dA / V	phi / rad	dphi/rad

2,425E+2	1,520E-6	1,694E-6	-1,020E-6	1,666E-6	1,831E-6	2,376E-6	-5,910E-1	-1,169E+0
2,428E+2	2,380E-6	1,873E-6	-1,444E-6	1,844E-6	2,784E-6	2,628E-6	-5,453E-1	-8,180E-1
2,430E+2	6,824E-6	1,814E-6	1,944E-6	1,842E-6	7,095E-6	2,585E-6	2,775E-1	2,731E-1
2,432E+2	2,722E-6	2,162E-6	-1,092E-6	2,164E-6	2,933E-6	3,058E-6	-3,815E-1	-8,143E-1
2,435E+2	2,646E-6	2,199E-6	-5,360E-7	2,311E-6	2,700E-6	3,190E-6	-1,999E-1	-8,775E-1
2,438E+2	2,090E-6	2,529E-6	-6,700E-7	2,441E-6	2,195E-6	3,515E-6	-3,102E-1	-1,191E+0
2,440E+2	1,550E-6	2,680E-6	-3,380E-6	2,603E-6	3,718E-6	3,736E-6	-1,141E+0	-2,159E+0
2,442E+2	2,448E-6	2,826E-6	-7,260E-7	2,868E-6	2,553E-6	4,026E-6	-2,883E-1	-1,186E+0
2,445E+2	2,896E-6	3,712E-6	-3,240E-7	2,169E-6	2,914E-6	4,300E-6	-1,114E-1	-7,595E-1
2,448E+2	2,226E-6	3,185E-6	-1,624E-6	3,179E-6	2,755E-6	4,500E-6	-6,303E-1	-1,528E+0
2,450E+2	-1,562E-6	3,098E-6	-6,052E-6	3,344E-6	6,250E-6	4,559E-6	-1,823E+0	-3,755E+0
2,452E+2	9,980E-7	3,847E-6	-1,688E-6	3,729E-6	1,961E-6	5,357E-6	-1,037E+0	-4,606E+0
2,455E+2	2,202E-6	4,990E-6	-1,170E-6	3,878E-6	2,494E-6	6,320E-6	-4,884E-1	-1,961E+0
2,458E+2	2,926E-6	4,730E-6	9,420E-7	4,746E-6	3,074E-6	6,701E-6	3,115E-1	1,648E+0
2,460E+2	7,800E-7	4,981E-6	4,582E-6	5,233E-6	4,648E-6	7,225E-6	1,402E+0	9,096E+0
2,462E+2	1,392E-6	5,763E-6	-2,848E-6	5,806E-6	3,170E-6	8,180E-6	-1,116E+0	-5,151E+0
2,465E+2	2,040E-6	6,743E-6	-5,340E-7	6,648E-6	2,109E-6	9,469E-6	-2,560E-1	-3,298E+0
2,468E+2	4,002E-6	7,468E-6	-9,060E-7	7,932E-6	4,103E-6	1,089E-5	-2,226E-1	-1,993E+0
2,470E+2	2,131E-5	8,435E-6	9,932E-6	8,223E-6	2,351E-5	1,178E-5	4,361E-1	4,002E-1
2,472E+2	6,402E-6	1,052E-5	-3,826E-6	1,054E-5	7,458E-6	1,489E-5	-5,387E-1	-1,728E+0
2,475E+2	-1,580E-7	1,197E-5	1,712E-6	1,219E-5	1,719E-6	1,708E-5	1,663E+0	1,265E+2
2,478E+2	5,472E-6	1,449E-5	-9,800E-7	1,387E-5	5,559E-6	2,006E-5	-1,772E-1	-2,552E+0
2,480E+2	6,842E-5	1,128E-5	-3,376E-5	1,897E-5	7,629E-5	2,207E-5	-4,583E-1	-2,685E-1
2,482E+2	-2,498E-6	2,397E-5	4,542E-6	2,427E-5	5,184E-6	3,411E-5	2,074E+0	2,278E+1
2,485E+2	-6,320E-7	2,925E-5	3,092E-6	3,055E-5	3,156E-6	4,229E-5	1,772E+0	8,388E+1
2,488E+2	-9,136E-6	3,575E-5	3,632E-6	3,719E-5	9,831E-6	5,159E-5	2,763E+0	3,029E+1
2,490E+2	-1,249E-4	2,397E-5	4,688E-5	4,407E-5	1,334E-4	5,017E-5	2,783E+0	2,670E+0
2,492E+2	6,184E-6	4,637E-5	1,151E-5	4,537E-5	1,307E-5	6,487E-5	1,078E+0	9,131E+0
2,495E+2	2,528E-6	4,730E-5	-1,392E-5	4,751E-5	1,415E-5	6,704E-5	-1,391E+0	-2,646E+1
2,498E+2	1,387E-5	4,787E-5	1,119E-5	4,847E-5	1,782E-5	6,812E-5	6,789E-1	3,760E+0
2,500E+2	-6,172E-6	4,763E-5	-4,600E-5	4,858E-5	4,641E-5	6,803E-5	-1,704E+0	-1,327E+1
2,502E+2	-9,122E-6	4,583E-5	1,389E-5	4,825E-5	1,662E-5	6,655E-5	2,152E+0	1,314E+1
2,505E+2	1,834E-6	4,593E-5	5,586E-6	4,604E-5	5,879E-6	6,504E-5	1,254E+0	3,305E+1
2,508E+2	1,606E-5	4,342E-5	1,451E-5	4,268E-5	2,164E-5	6,088E-5	7,349E-1	2,936E+0
2,510E+2	-3,846E-5	4,007E-5	1,628E-5	3,849E-5	4,176E-5	5,557E-5	2,741E+0	7,083E+0
2,512E+2	2,840E-6	2,973E-5	8,600E-8	3,062E-5	2,841E-6	4,268E-5	3,027E-2	1,078E+1
2,515E+2	4,352E-6	2,325E-5	-1,026E-6	2,341E-5	4,471E-6	3,299E-5	-2,315E-1	-5,424E+0
2,518E+2	-9,860E-6	1,947E-5	-1,393E-5	1,946E-5	1,707E-5	2,753E-5	-2,187E+0	-5,288E+0
2,520E+2	-5,402E-6	1,612E-5	-8,270E-6	1,614E-5	9,878E-6	2,281E-5	-2,149E+0	-7,664E+0
2,522E+2	3,058E-6	1,367E-5	-1,784E-6	1,398E-5	3,540E-6	1,956E-5	-5,281E-1	-4,766E+0
2,525E+2	5,462E-6	1,148E-5	4,160E-7	1,220E-5	5,478E-6	1,675E-5	7,602E-2	2,235E+0
2,528E+2	-7,940E-7	9,700E-6	2,200E-8	1,001E-5	7,943E-7	1,394E-5	3,114E+0	1,418E+3
2,530E+2	1,960E-6	8,601E-6	-5,272E-6	8,585E-6	5,625E-6	1,215E-5	-1,215E+0	-5,687E+0
2,532E+2	3,910E-6	7,143E-6	-2,934E-6	7,050E-6	4,888E-6	1,004E-5	-6,437E-1	-1,943E+0
2,535E+2	5,274E-6	6,789E-6	-1,178E-6	6,213E-6	5,404E-6	9,203E-6	-2,198E-1	-1,193E+0
2,538E+2	2,330E-6	5,693E-6	1,560E-7	5,851E-6	2,335E-6	8,163E-6	6,685E-2	2,513E+0
2,540E+2	1,269E-5	4,861E-6	1,811E-5	3,442E-6	2,212E-5	5,956E-6	9,595E-1	4,101E-1
2,542E+2	2,202E-6	4,158E-6	-1,180E-7	4,148E-6	2,205E-6	5,873E-6	-5,354E-2	-1,884E+0
2,545E+2	3,288E-6	3,666E-6	-1,602E-6	4,038E-6	3,658E-6	5,454E-6	-4,534E-1	-1,250E+0
2,548E+2	2,454E-6	3,486E-6	-2,876E-6	3,464E-6	3,781E-6	4,914E-6	-8,644E-1	-1,610E+0
2,550E+2	-1,894E-6	3,727E-6	-1,030E-5	2,362E-6	1,047E-5	4,413E-6	-1,753E+0	-3,472E+0
2,552E+2	3,590E-6	3,066E-6	-2,380E-7	2,948E-6	3,598E-6	4,254E-6	-6,620E-2	-8,221E-1
2,555E+2	2,964E-6	2,647E-6	-1,970E-6	2,787E-6	3,559E-6	3,844E-6	-5,866E-1	-9,815E-1
2,558E+2	4,176E-6	2,434E-6	-2,444E-6	2,502E-6	4,839E-6	3,491E-6	-5,295E-1	-6,237E-1
2,560E+2	2,882E-6	2,205E-6	-1,102E-6	2,361E-6	3,086E-6	3,230E-6	-3,652E-1	-8,309E-1
2,562E+2	3,128E-6	2,210E-6	-2,296E-6	2,073E-6	3,880E-6	3,030E-6	-6,332E-1	-7,259E-1
2,565E+2	3,126E-6	2,190E-6	-1,732E-6	1,959E-6	3,574E-6	2,938E-6	-5,060E-1	-6,731E-1
2,568E+2	2,624E-6	1,926E-6	-1,212E-6	1,854E-6	2,890E-6	2,673E-6	-4,327E-1	-7,342E-1
2,570E+2	4,122E-6	1,669E-6	-5,920E-7	1,834E-6	4,164E-6	2,479E-6	-1,426E-1	-4,456E-1
2,572E+2	4,104E-6	1,545E-6	-6,620E-7	1,622E-6	4,157E-6	2,240E-6	-1,599E-1	-3,964E-1
2,575E+2	3,656E-6	1,438E-6	-1,254E-6	1,467E-6	3,865E-6	2,055E-6	-3,304E-1	-4,079E-1
2,578E+2	3,766E-6	1,376E-6	-1,968E-6	1,353E-6	4,249E-6	1,930E-6	-4,815E-1	-3,748E-1
2,580E+2	3,314E-6	1,261E-6	-5,380E-7	1,353E-6	3,357E-6	1,850E-6	-1,609E-1	-4,095E-1
2,582E+2	3,888E-6	1,187E-6	-1,088E-6	1,253E-6	4,037E-6	1,726E-6	-2,729E-1	-3,251E-1
2,585E+2	3,636E-6	1,107E-6	-1,132E-6	1,227E-6	3,808E-6	1,652E-6	-3,018E-1	-3,398E-1
2,588E+2	4,240E-6	1,104E-6	-1,128E-6	1,195E-6	4,387E-6	1,627E-6	-2,600E-1	-2,836E-1
2,590E+2	3,532E-6	1,011E-6	-1,086E-6	1,064E-6	3,695E-6	1,468E-6	-2,983E-1	-3,046E-1
2,592E+2	3,928E-6	1,020E-6	-1,446E-6	1,040E-6	4,186E-6	1,457E-6	-3,527E-1	-2,697E-1
2,595E+2	3,924E-6	9,059E-7	-1,018E-6	9,412E-7	4,054E-6	1,306E-6	-2,538E-1	-2,419E-1
2,598E+2	4,178E-6	1,012E-6	-1,526E-6	9,756E-7	4,448E-6	1,406E-6	-3,502E-1	-2,394E-1
2,600E+2	3,536E-6	8,866E-7	-1,890E-6	1,050E-6	4,009E-6	1,374E-6	-4,909E-1	-2,992E-1
2,602E+2	4,214E-6	7,981E-7	-1,600E-6	8,686E-7	4,508E-6	1,180E-6	-3,629E-1	-2,086E-1
2,605E+2	4,122E-6	8,685E-7	-1,380E-6	7,657E-7	4,347E-6	1,158E-6	-3,231E-1	-1,917E-1
2,608E+2	4,302E-6	7,614E-7	-1,026E-6	8,104E-7	4,423E-6	1,112E-6	-2,341E-1	-1,895E-1
2,610E+2	9,140E-7	3,437E-7	-2,208E-6	7,695E-7	2,390E-6	8,428E-7	-1,178E+0	-6,041E-1
2,612E+2	4,430E-6	6,917E-7	-1,316E-6	6,997E-7	4,621E-6	9,839E-7	-2,888E-1	-1,600E-1
2,615E+2	4,568E-6	6,553E-7	-1,450E-6	7,060E-7	4,793E-6	9,633E-7	-3,074E-1	-1,560E-1
2,618E+2	4,476E-6	6,700E-7	-1,606E-6	6,373E-7	4,755E-6	9,247E-7	-3,445E-1	-1,461E-1
2,620E+2	4,610E-6	5,287E-7	-1,716E-6	5,600E-7	4,919E-6	7,702E-7	-3,563E-1	-1,233E-1
2,622E+2	4,876E-6	5,445E-7	-1,512E-6	5,907E-7	5,105E-6	8,034E-7	-3,007E-1	-1,222E-1
2,625E+2	4,592E-6	6,171E-7	-1,840E-6	5,493E-7	4,947E-6	8,262E-7	-3,811E-1	-1,248E-1
2,628E+2	4,828E-6	5,242E-7	-1,842E-6	5,156E-7	5,167E-6	7,352E-7	-3,645E-1	-1,094E-1
2,630E+2	5,246E-6	5,084E-7	-1,224E-6	5,145E-7	5,387E-6	7,233E-7	-2,292E-1	-9,888E-2
2,632E+2	3,748E-6	4,817E-7	-2,400E-6	3,675E-7	4,451E-6	6,059E-7	-5,696E-1	-1,139E-1
2,635E+2	5,014E-6	4,384E-7	-1,602E-6	4,571E-7	5,264E-6	6,334E-7	-3,093E-1	-9,230E-2
2,638E+2	5,034E-6	4,005E-7	-1,464E-6	4,707E-7	5,243E-6	6,180E-7	-2,830E-1	-9,374E-2
2,640E+2	5,216E-6	4,251E-7	-1,418E-6	4,200E-7	5,405E-6	5,976E-7	-2,654E-1	-8,154E-2
2,642E+2	5,086E-6	3,967E-7	-2,116E-6	3,902E-7	5,509E-6	5,564E-7	-3,943E-1	-7,894E-2
2,645E+2	5,414E-6	3,369E-7	-1,938E-6	3,550E-7	5,750E-6	4,894E-7	-3,437E-1	-6,651E-2
2,648E+2	5,374E-6	4,288E-7	-1,810E-6	3,739E-7	5,671E-6	5,689E-7	-3,249E-1	-7,195E-2
2,650E+2	5,582E-6	3,620E-7	-1,624E-6	3,404E-7	5,813E-6	4,969E-7	-2,831E-1	-6,212E-2
2,652E+2	5,324E-6	3,577E-7	-1,958E-6	3,343E-7	5,673E-6	4,897E-7	-3,524E-1	-6,467E-2
2,655E+2	5,714E-6	3,001E-7	-1,940E-6	3,248E-7	6,034E-6	4,422E-7	-3,273E-1	-5,743E-2
2,658E+2	5,932E-6	3,002E-7	-1,682E-6	3,491E-7	6,166E-6	4,604E-7	-2,763E-1	-5,902E-2
2,660E+2	5,950E-6	3,000E-7	-1,896E-6	3,286E-7	6,245E-6	4,449E-7	-3,085E-1	-5,568E-2
2,662E+2	5,914E-6	2,637E-7	-2,116E-6	3,437E-7	6,281E-6	4,332E-7	-3,436E-1	-5,787E-2
2,665E+2	5,930E-6	2,866E-7	-2,108E-6	3,019E-7	6,294E-6	4,163E-7	-3,415E-1	-5,163E-2
2,668E+2	6,070E-6	2,546E-7	-2,028E-6	2,599E-7	6,400E-6	3,638E-7	-3,224E-1	-4,348E-2
2,670E+2	5,604E-6	2,106E-7	-1,600E-6	2,221E-7	5,828E-6	3,060E-7	-2,781E-1	-3,999E-2
2,672E+2	6,278E-6	2,399E-7	-2,058E-6	2,551E-7	6,607E-6	3,502E-7	-3,168E-1	-4,110E-2
2,675E+2	6,394E-6	2,354E-7	-2,208E-6	2,155E-7	6,765E-6	3,192E-7	-3,325E-1	-3,468E-2
2,678E+2	6,580E-6	1,975E-7	-2,126E-6	1,872E-7	6,915E-6	2,721E-7	-3,125E-1	-2,907E-2
2,680E+2	6,814E-6	2,241E-7	-2,286E-6	2,534E-7	7,187E-6	3,383E-7	-3,237E-1	-3,743E-2
2,682E+2	6,700E-6	2,255E-7	-2,082E-6	2,544E-7	7,016E-6	3,399E-7	-3,013E-1	-3,818E-2
2,685E+2	6,834E-6	1,792E-7	-2,356E-6	2,295E-7	7,229E-6	2,911E-7	-3,320E-1	-3,349E-2
2,688E+2	7,024E-6	2,288E-7	-2,330E-6	1,893E-7	7,400E-6	2,969E-7	-3,203E-1	-2,803E-2
2,690E+2	7,198E-6	1,574E-7	-2,678E-6	2,399E-7	7,680E-6	2,869E-7	-3,562E-1	-3,285E-2
2,692E+2	7,276E-6	2,236E-7	-2,350E-6	2,649E-7	7,646E-6	3,467E-7	-3,124E-1	-3,651E-2
2,695E+2	7,546E-6	2,759E-7	-2,400E-6	2,486E-7	7,918E-6	3,714E-7	-3,079E-1	-3,383E-2
2,698E+2	7,908E-6	2,615E-7	-2,340E-6	2,218E-7	8,247E-6	3,429E-7	-2,877E-1	-2,888E-2
2,700E+2	7,566E-6	2,111E-7	-2,226E-6	2,353E-7	7,887E-6	3,161E-7	-2,861E-1	-3,128E-2
2,702E+2	8,184E-6	2,433E-7	-2,428E-6	2,686E-7	8,537E-6	3,624E-7	-2,884E-1	-3,303E-2
2,705E+2	8,264E-6	2,099E-7	-2,502E-6	2,683E-7	8,634E-6	3,406E-7	-2,940E-1	-3,240E-2
2,708E+2	8,548E-6	1,615E-7	-2,660E-6	2,624E-7	8,952E-6	3,081E-7	-3,017E-1	-3,030E-2
2,710E+2	9,080E-6	1,924E-7	-2,190E-6	2,135E-7	9,340E-6	2,874E-7	-2,367E-1	-2,361E-2
2,712E+2	9,164E-6	1,823E-7	-2,278E-6	1,919E-7	9,443E-6	2,647E-7	-2,436E-1	-2,109E-2
2,715E+2	9,298E-6	1,757E-7	-2,666E-6	1,933E-7	9,673E-6	2,612E-7	-2,792E-1	-2,092E-2
2,718E+2	9,570E-6	1,503E-7	-2,782E-6	1,637E-7	9,966E-6	2,222E-7	-2,829E-1	-1,723E-2
2,720E+2	9,380E-6	1,429E-7	-2,730E-6	1,150E-7	9,769E-6	1,834E-7	-2,832E-1	-1,268E-2
2,722E+2	1,023E-5	1,558E-7	-2,558E-6	1,670E-7	1,055E-5	2,284E-7	-2,449E-1	-1,642E-2
2,725E+2	1,033E-5	1,800E-7	-3,046E-6	1,516E-7	1,077E-5	2,353E-7	-2,866E-1	-1,512E-2
2,728E+2	1,073E-5	1,456E-7	-2,660E-6	1,632E-7	1,105E-5	2,187E-7	-2,431E-1	-1,528E-2
2,730E+2	1,128E-5	1,273E-7	-3,090E-6	1,220E-7	1,170E-5	1,764E-7	-2,673E-1	-1,098E-2
2,732E+2	1,156E-5	1,454E-7	-2,980E-6	1,252E-7	1,194E-5	1,918E-7	-2,523E-1	-1,107E-2
2,735E+2	1,195E-5	1,627E-7	-3,016E-6	1,333E-7	1,233E-5	2,104E-7	-2,472E-1	-1,144E-2
2,738E+2	1,229E-5	1,757E-7	-3,142E-6	1,091E-7	1,268E-5	2,068E-7	-2,503E-1	-9,399E-3
2,740E+2	1,289E-5	1,454E-7	-3,436E-6	1,674E-7	1,334E-5	2,218E-7	-2,605E-1	-1,303E-2
2,742E+2	1,328E-5	1,102E-7	-3,242E-6	9,406E-8	1,367E-5	1,449E-7	-2,394E-1	-7,226E-3
2,745E+2	1,397E-5	1,177E-7	-3,000E-6	1,272E-7	1,429E-5	1,733E-7	-2,115E-1	-9,145E-3
2,748E+2	1,445E-5	1,462E-7	-3,334E-6	1,056E-7	1,483E-5	1,803E-7	-2,267E-1	-7,536E-3
2,750E+2	1,511E-5	1,558E-7	-3,440E-6	1,527E-7	1,550E-5	2,182E-7	-2,238E-1	-1,020E-2
2,752E+2	1,604E-5	1,873E-7	-3,318E-6	1,639E-7	1,638E-5	2,489E-7	-2,039E-1	-1,035E-2
2,755E+2	1,629E-5	2,172E-7	-3,782E-6	1,480E-7	1,672E-5	2,628E-7	-2,282E-1	-9,430E-3
2,758E+2	1,741E-5	2,200E-7	-3,398E-6	2,721E-7	1,774E-5	3,499E-7	-1,927E-1	-1,562E-2
2,760E+2	1,814E-5	2,258E-7	-3,542E-6	2,568E-7	1,848E-5	3,420E-7	-1,929E-1	-1,419E-2
2,762E+2	1,906E-5	2,806E-7	-3,388E-6	2,247E-7	1,936E-5	3,595E-7	-1,759E-1	-1,195E-2
2,765E+2	2,065E-5	1,800E-7	-3,626E-6	2,492E-7	2,096E-5	3,073E-7	-1,739E-1	-1,204E-2
2,768E+2	2,175E-5	3,235E-7	-3,248E-6	2,573E-7	2,199E-5	4,133E-7	-1,483E-1	-1,195E-2
2,770E+2	2,339E-5	2,948E-7	-2,280E-6	2,403E-7	2,350E-5	3,803E-7	-9,716E-2	-1,031E-2
2,772E+2	2,509E-5	2,157E-7	-2,404E-6	2,662E-7	2,520E-5	3,426E-7	-9,552E-2	-1,061E-2
2,775E+2	2,696E-5	2,917E-7	-2,380E-6	2,514E-7	2,706E-5	3,851E-7	-8,805E-2	-9,349E-3
2,778E+2	2,890E-5	2,449E-7	-1,856E-6	2,703E-7	2,896E-5	3,647E-7	-6,413E-2	-9,356E-3
2,780E+2	3,149E-5	2,183E-7	-1,006E-6	2,119E-7	3,151E-5	3,042E-7	-3,193E-2	-6,729E-3
2,782E+2	3,457E-5	2,335E-7	-2,760E-7	2,335E-7	3,457E-5	3,303E-7	-7,984E-3	-6,755E-3
2,785E+2	3,756E-5	1,922E-7	1,546E-6	2,253E-7	3,759E-5	2,961E-7	4,114E-2	5,998E-3
2,788E+2	4,173E-5	2,331E-7	4,456E-6	2,382E-7	4,197E-5	3,333E-7	1,064E-1	5,717E-3
2,790E+2	4,632E-5	1,991E-7	7,132E-6	1,809E-7	4,687E-5	2,690E-7	1,528E-1	3,929E-3
2,792E+2	5,148E-5	1,780E-7	1,297E-5	2,055E-7	5,309E-5	2,719E-7	2,467E-1	4,003E-3
2,795E+2	5,678E-5	2,532E-7	2,054E-5	1,858E-7	6,038E-5	3,141E-7	3,472E-1	3,501E-3
2,798E+2	6,126E-5	1,533E-7	2,998E-5	1,669E-7	6,820E-5	2,266E-7	4,551E-1	2,778E-3
2,800E+2	6,214E-5	1,278E-7	4,606E-5	1,669E-7	7,735E-5	2,102E-7	6,379E-1	2,658E-3
2,802E+2	5,609E-5	1,536E-7	6,492E-5	1,599E-7	8,579E-5	2,217E-7	8,583E-1	3,161E-3
2,805E+2	3,949E-5	2,938E-7	8,172E-5	1,850E-7	9,076E-5	3,472E-7	1,121E+0	8,716E-3
2,808E+2	1,776E-5	2,211E-7	8,748E-5	1,990E-7	8,927E-5	2,975E-7	1,370E+0	1,734E-2
2,810E+2	-3,976E-6	1,259E-7	8,219E-5	1,661E-7	8,229E-5	2,084E-7	1,619E+0	5,136E-2
2,812E+2	-1,812E-5	1,526E-7	7,176E-5	1,868E-7	7,401E-5	2,412E-7	1,818E+0	1,603E-2
2,815E+2	-2,548E-5	1,598E-7	5,980E-5	1,672E-7	6,500E-5	2,313E-7	1,974E+0	1,355E-2
2,818E+2	-2,721E-5	1,461E-7	4,938E-5	1,675E-7	5,638E-5	2,223E-7	2,074E+0	1,318E-2
2,820E+2	-2,790E-5	1,071E-7	4,129E-5	1,453E-7	4,984E-5	1,805E-7	2,165E+0	1,128E-2
2,822E+2	-2,793E-5	1,222E-7	3,440E-5	1,154E-7	4,431E-5	1,681E-7	2,253E+0	1,242E-2
2,825E+2	-2,689E-5	1,203E-7	2,941E-5	1,344E-7	3,985E-5	1,804E-7	2,312E+0	1,478E-2
2,828E+2	-2,556E-5	1,832E-7	2,550E-5	1,627E-7	3,610E-5	2,450E-7	2,357E+0	2,262E-2
2,830E+2	-2,423E-5	1,270E-7	2,234E-5	1,493E-7	3,296E-5	1,960E-7	2,397E+0	2,036E-2
2,832E+2	-2,287E-5	1,260E-7	1,968E-5	1,592E-7	3,017E-5	2,030E-7	2,431E+0	2,379E-2
2,835E+2	-2,074E-5	1,040E-7	1,817E-5	1,528E-7	2,757E-5	1,848E-7	2,422E+0	2,372E-2
2,838E+2	-2,005E-5	1,375E-7	1,621E-5	1,258E-7	2,578E-5	1,864E-7	2,462E+0	2,550E-2
2,840E+2	-1,910E-5	1,495E-7	1,477E-5	1,486E-7	2,415E-5	2,108E-7	2,483E+0	3,166E-2
2,842E+2	-1,812E-5	1,302E-7	1,353E-5	1,448E-7	2,262E-5	1,947E-7	2,500E+0	3,223E-2
2,845E+2	-1,738E-5	1,524E-7	1,201E-5	1,820E-7	2,113E-5	2,374E-7	2,537E+0	4,443E-2
2,848E+2	-1,653E-5	1,719E-7	1,128E-5	1,328E-7	2,001E-5	2,172E-7	2,543E+0	3,994E-2
2,850E+2	-1,590E-5	1,291E-7	1,023E-5	1,218E-7	1,890E-5	1,775E-7	2,570E+0	3,704E-2
2,852E+2	-1,544E-5	1,288E-7	9,746E-6	1,153E-7	1,826E-5	1,729E-7	2,579E+0	3,732E-2
2,855E+2	-1,463E-5	1,624E-7	9,348E-6	1,475E-7	1,736E-5	2,194E-7	2,573E+0	4,965E-2
2,858E+2	-1,408E-5	1,205E-7	8,574E-6	1,501E-7	1,648E-5	1,925E-7	2,594E+0	5,056E-2
2,860E+2	-1,335E-5	9,618E-8	7,698E-6	1,143E-7	1,541E-5	1,493E-7	2,619E+0	4,320E-2
2,862E+2	-1,280E-5	1,695E-7	7,616E-6	1,598E-7	1,490E-5	2,329E-7	2,605E+0	6,461E-2
2,865E+2	-1,231E-5	1,204E-7	7,182E-6	1,352E-7	1,425E-5	1,810E-7	2,613E+0	5,543E-2
2,868E+2	-1,172E-5	1,212E-7	7,512E-6	1,575E-7	1,392E-5	1,987E-7	2,572E+0	6,011E-2
2,870E+2	-1,133E-5	1,557E-7	6,698E-6	1,369E-7	1,316E-5	2,073E-7	2,608E+0	6,423E-2
2,872E+2	-1,117E-5	1,940E-7	6,592E-6	1,678E-7	1,297E-5	2,565E-7	2,609E+0	8,038E-2
2,875E+2	-1,080E-5	1,493E-7	6,068E-6	1,464E-7	1,239E-5	2,091E-7	2,630E+0	7,312E-2
2,878E+2	-1,022E-5	1,542E-7	5,810E-6	1,778E-7	1,175E-5	2,353E-7	2,625E+0	8,954E-2
2,880E+2	-1,024E-5	1,615E-7	5,192E-6	1,959E-7	1,148E-5	2,539E-7	2,672E+0	1,093E-1
2,882E+2	-9,908E-6	2,179E-7	5,090E-6	2,539E-7	1,114E-5	3,346E-7	2,667E+0	1,454E-1
2,885E+2	-9,380E-6	2,610E-7	4,696E-6	2,129E-7	1,049E-5	3,368E-7	2,677E+0	1,424E-1
2,888E+2	-9,350E-6	2,153E-7	5,384E-6	2,460E-7	1,079E-5	3,269E-7	2,619E+0	1,340E-1
2,890E+2	-8,546E-6	2,428E-7	4,636E-6	2,862E-7	9,722E-6	3,753E-7	2,645E+0	1,797E-1
2,892E+2	-8,418E-6	2,331E-7	4,690E-6	2,653E-7	9,636E-6	3,532E-7	2,633E+0	1,659E-1
2,895E+2	-8,104E-6	3,349E-7	4,108E-6	2,205E-7	9,086E-6	4,010E-7	2,672E+0	1,810E-1
2,898E+2	-8,352E-6	2,906E-7	4,004E-6	2,588E-7	9,262E-6	3,891E-7	2,695E+0	1,978E-1
2,900E+2	-8,426E-6	2,519E-7	4,098E-6	3,147E-7	9,370E-6	4,031E-7	2,689E+0	2,216E-1
2,902E+2	-7,682E-6	2,478E-7	4,468E-6	3,612E-7	8,887E-6	4,380E-7	2,615E+0	2,276E-1
2,905E+2	-7,610E-6	3,284E-7	4,078E-6	2,971E-7	8,634E-6	4,429E-7	2,650E+0	2,244E-1
2,908E+2	-7,196E-6	3,665E-7	3,660E-6	3,337E-7	8,073E-6	4,957E-7	2,671E+0	2,790E-1
2,910E+2	-6,640E-6	4,804E-7	3,312E-6	4,018E-7	7,420E-6	6,263E-7	2,679E+0	3,784E-1
2,912E+2	-8,344E-6	5,617E-7	4,336E-6	5,555E-7	9,403E-6	7,900E-7	2,662E+0	3,853E-1
2,915E+2	-7,016E-6	4,990E-7	3,866E-6	5,875E-7	8,011E-6	7,709E-7	2,638E+0	4,426E-1
2,918E+2	-6,506E-6	5,954E-7	3,460E-6	5,112E-7	7,369E-6	7,847E-7	2,653E+0	4,610E-1
2,920E+2	-6,738E-6	6,213E-7	2,574E-6	6,831E-7	7,213E-6	9,234E-7	2,777E+0	7,801E-1
2,922E+2	-6,914E-6	9,382E-7	2,352E-6	8,367E-7	7,303E-6	1,257E-6	2,814E+0	1,071E+0
2,925E+2	-5,690E-6	1,173E-6	3,746E-6	8,922E-7	6,812E-6	1,474E-6	2,559E+0	8,062E-1
2,928E+2	-5,302E-6	1,355E-6	1,998E-6	1,349E-6	5,666E-6	1,912E-6	2,781E+0	2,008E+0
2,930E+2	-7,066E-6	1,634E-6	7,014E-6	1,594E-6	9,956E-6	2,282E-6	2,360E+0	7,650E-1
2,932E+2	-3,560E-6	2,391E-6	3,418E-6	1,909E-6	4,935E-6	3,060E-6	2,377E+0	2,076E+0
2,935E+2	-1,312E-6	2,732E-6	-1,396E-6	2,444E-6	1,916E-6	3,666E-6	-2,325E+0	-6,326E+0
2,938E+2	-8,466E-6	3,120E-6	5,706E-6	2,267E-6	1,021E-5	3,857E-6	2,549E+0	1,381E+0
2,940E+2	-8,634E-6	2,451E-6	2,472E-6	2,503E-6	8,981E-6	3,503E-6	2,863E+0	3,010E+0
2,942E+2	-5,462E-6	1,710E-6	1,846E-6	1,691E-6	5,766E-6	2,405E-6	2,816E+0	2,726E+0
2,945E+2	-7,586E-6	1,158E-6	4,420E-7	1,583E-6	7,599E-6	1,961E-6	3,083E+0	1,106E+1
2,948E+2	-5,188E-6	1,275E-6	1,352E-6	1,064E-6	5,361E-6	1,661E-6	2,887E+0	2,380E+0
2,950E+2	-5,726E-6	9,415E-7	3,556E-6	8,442E-7	6,740E-6	1,265E-6	2,586E+0	7,467E-1
2,952E+2	-5,360E-6	8,174E-7	2,942E-6	6,161E-7	6,114E-6	1,024E-6	2,640E+0	6,838E-1
2,955E+2	-4,082E-6	7,940E-7	4,280E-6	5,455E-7	5,914E-6	9,634E-7	2,333E+0	5,424E-1
2,958E+2	-5,496E-6	2,391E-7	2,432E-6	4,073E-7	6,010E-6	4,723E-7	2,725E+0	4,715E-1
2,960E+2	-5,296E-6	2,603E-7	2,344E-6	3,342E-7	5,792E-6	4,236E-7	2,725E+0	4,109E-1
2,962E+2	-4,654E-6	3,148E-7	2,160E-6	4,020E-7	5,131E-6	5,106E-7	2,707E+0	5,361E-1
2,965E+2	-4,910E-6	4,958E-7	1,632E-6	5,171E-7	5,174E-6	7,164E-7	2,821E+0	9,380E-1
2,968E+2	-4,766E-6	4,377E-7	3,536E-6	4,265E-7	5,934E-6	6,111E-7	2,503E+0	3,795E-1
2,970E+2	-3,346E-6	5,670E-7	1,096E-6	5,350E-7	3,521E-6	7,796E-7	2,825E+0	1,460E+0
2,972E+2	-4,718E-6	4,148E-7	2,388E-6	4,306E-7	5,288E-6	5,979E-7	2,673E+0	5,363E-1
2,975E+2	-5,004E-6	4,103E-7	1,746E-6	3,537E-7	5,300E-6	5,417E-7	2,806E+0	6,132E-1
2,978E+2	-5,122E-6	3,510E-7	1,412E-6	3,673E-7	5,313E-6	5,080E-7	2,873E+0	7,727E-1
2,980E+2	-4,438E-6	4,246E-7	2,176E-6	3,637E-7	4,943E-6	5,590E-7	2,686E+0	5,172E-1
2,982E+2	-4,220E-6	4,008E-7	1,612E-6	4,412E-7	4,517E-6	5,960E-7	2,777E+0	8,044E-1
2,985E+2	-3,936E-6	4,270E-7	1,788E-6	3,408E-7	4,323E-6	5,463E-7	2,715E+0	5,955E-1
2,988E+2	-4,684E-6	4,183E-7	2,512E-6	5,459E-7	5,315E-6	6,877E-7	2,649E+0	6,224E-1
2,990E+2	-4,076E-6	6,112E-7	2,038E-6	5,620E-7	4,557E-6	8,303E-7	2,678E+0	8,406E-1
2,992E+2	-3,198E-6	7,009E-7	2,480E-6	7,999E-7	4,047E-6	1,063E-6	2,482E+0	9,678E-1
2,995E+2	-4,318E-6	1,043E-6	1,208E-6	9,593E-7	4,484E-6	1,417E-6	2,869E+0	2,381E+0
2,998E+2	-4,220E-6	1,387E-6	1,852E-6	1,259E-6	4,609E-6	1,873E-6	2,728E+0	2,059E+0
3,000E+2	-4,070E-6	1,589E-6	2,324E-6	1,573E-6	4,687E-6	2,236E-6	2,623E+0	2,049E+0
3,002E+2	-3,978E-6	1,362E-6	1,434E-6	1,289E-6	4,229E-6	1,875E-6	2,796E+0	2,689E+0
3,005E+2	-3,634E-6	1,132E-6	1,926E-6	1,267E-6	4,113E-6	1,699E-6	2,654E+0	1,932E+0
3,008E+2	-4,142E-6	8,915E-7	1,574E-6	1,058E-6	4,431E-6	1,383E-6	2,778E+0	1,961E+0
3,010E+2	-3,302E-6	8,230E-7	1,142E-6	7,505E-7	3,494E-6	1,114E-6	2,809E+0	1,974E+0
3,012E+2	-4,102E-6	5,226E-7	1,452E-6	4,771E-7	4,351E-6	7,076E-7	2,801E+0	9,872E-1
3,015E+2	-3,818E-6	4,721E-7	1,924E-6	3,800E-7	4,275E-6	6,060E-7	2,675E+0	6,233E-1
3,018E+2	-3,986E-6	4,150E-7	1,618E-6	3,995E-7	4,302E-6	5,760E-7	2,756E+0	7,384E-1
3,020E+2	-3,576E-6	3,345E-7	1,816E-6	2,990E-7	4,011E-6	4,487E-7	2,672E+0	5,059E-1
3,022E+2	-3,464E-6	3,339E-7	1,756E-6	2,626E-7	3,884E-6	4,248E-7	2,672E+0	4,754E-1
3,025E+2	-3,692E-6	2,095E-7	1,454E-6	3,091E-7	3,968E-6	3,734E-7	2,766E+0	6,087E-1
3,028E+2	-3,812E-6	3,210E-7	1,100E-6	2,058E-7	3,968E-6	3,813E-7	2,861E+0	5,868E-1
3,030E+2	-3,690E-6	2,193E-7	1,262E-6	2,100E-7	3,900E-6	3,036E-7	2,812E+0	4,968E-1
3,032E+2	-3,410E-6	2,173E-7	9,720E-7	2,449E-7	3,546E-6	3,274E-7	2,864E+0	7,442E-1
3,035E+2	-3,888E-6	2,471E-7	1,256E-6	1,875E-7	4,086E-6	3,102E-7	2,829E+0	4,591E-1
3,038E+2	-3,410E-6	2,998E-7	1,558E-6	3,587E-7	3,749E-6	4,675E-7	2,713E+0	6,687E-1
3,040E+2	-3,400E-6	2,776E-7	1,120E-6	2,299E-7	3,580E-6	3,605E-7	2,823E+0	6,237E-1
3,042E+2	-3,386E-6	2,950E-7	1,314E-6	2,653E-7	3,632E-6	3,968E-7	2,771E+0	6,094E-1
3,045E+2	-2,984E-6	2,916E-7	1,666E-6	3,638E-7	3,418E-6	4,663E-7	2,632E+0	6,298E-1
3,048E+2	-3,582E-6	2,877E-7	1,188E-6	5,565E-7	3,774E-6	6,264E-7	2,821E+0	1,341E+0
3,050E+2	-2,894E-6	5,581E-7	9,300E-7	4,523E-7	3,040E-6	7,184E-7	2,831E+0	1,481E+0
3,052E+2	-3,208E-6	5,352E-7	1,820E-6	6,325E-7	3,688E-6	8,286E-7	2,626E+0	1,012E+0
3,055E+2	-2,340E-6	8,448E-7	1,126E-6	9,053E-7	2,597E-6	1,238E-6	2,693E+0	2,373E+0
3,058E+2	-2,524E-6	7,928E-7	4,056E-6	1,012E-6	4,777E-6	1,285E-6	2,127E+0	8,533E-1
3,060E+2	-1,348E-6	1,073E-6	-8,000E-7	1,491E-6	1,568E-6	1,837E-6	-2,606E+0	-5,282E+0
3,062E+2	-4,326E-6	1,075E-6	3,012E-6	1,341E-6	5,271E-6	1,719E-6	2,533E+0	1,292E+0
3,065E+2	-4,570E-6	1,076E-6	8,620E-7	9,886E-7	4,651E-6	1,461E-6	2,955E+0	3,460E+0
3,068E+2	-2,610E-6	8,639E-7	-7,240E-7	8,089E-7	2,709E-6	1,183E-6	-2,871E+0	-3,345E+0
3,070E+2	-2,730E-6	6,832E-7	1,928E-6	5,506E-7	3,342E-6	8,774E-7	2,527E+0	9,594E-1
3,072E+2	-3,028E-6	5,444E-7	7,980E-7	5,002E-7	3,131E-6	7,393E-7	2,884E+0	1,881E+0
3,075E+2	-2,628E-6	5,200E-7	2,026E-6	4,907E-7	3,318E-6	7,150E-7	2,485E+0	7,772E-1
3,078E+2	-2,818E-6	4,235E-7	1,232E-6	4,143E-7	3,076E-6	5,925E-7	2,729E+0	1,005E+0
3,080E+2	-3,346E-6	3,630E-7	1,146E-6	3,229E-7	3,537E-6	4,858E-7	2,812E+0	8,488E-1
3,082E+2	-2,912E-6	3,178E-7	7,760E-7	3,929E-7	3,014E-6	5,053E-7	2,881E+0	1,492E+0
3,085E+2	-3,078E-6	2,816E-7	1,346E-6	2,907E-7	3,359E-6	4,048E-7	2,729E+0	6,402E-1
3,088E+2	-2,440E-6	2,578E-7	9,460E-7	2,748E-7	2,617E-6	3,768E-7	2,772E+0	8,568E-1
3,090E+2	-2,792E-6	1,947E-7	9,400E-7	1,786E-7	2,946E-6	2,642E-7	2,817E+0	5,701E-1
3,092E+2	-2,378E-6	1,967E-7	1,270E-6	3,047E-7	2,696E-6	3,627E-7	2,651E+0	6,728E-1
3,095E+2	-2,788E-6	2,165E-7	1,242E-6	2,655E-7	3,052E-6	3,426E-7	2,723E+0	6,192E-1
3,098E+2	-2,836E-6	2,260E-7	8,800E-7	1,757E-7	2,969E-6	2,863E-7	2,841E+0	6,107E-1
3,100E+2	-2,716E-6	1,939E-7	1,296E-6	2,278E-7	3,009E-6	2,992E-7	2,696E+0	5,115E-1
3,102E+2	-2,848E-6	2,072E-7	7,800E-7	1,664E-7	2,953E-6	2,657E-7	2,874E+0	6,478E-1
3,105E+2	-2,368E-6	1,714E-7	8,760E-7	1,623E-7	2,525E-6	2,360E-7	2,787E+0	5,543E-1
3,108E+2	-2,612E-6	1,937E-7	1,322E-6	2,556E-7	2,927E-6	3,207E-7	2,673E+0	5,535E-1
3,110E+2	-2,538E-6	1,535E-7	8,680E-7	1,767E-7	2,682E-6	2,340E-7	2,812E+0	5,970E-1
3,112E+2	-2,422E-6	1,829E-7	1,314E-6	1,452E-7	2,755E-6	2,335E-7	2,645E+0	3,539E-1
3,115E+2	-2,446E-6	1,766E-7	1,152E-6	2,322E-7	2,704E-6	2,917E-7	2,701E+0	5,783E-1
3,118E+2	-2,392E-6	2,050E-7	1,252E-6	1,780E-7	2,700E-6	2,715E-7	2,659E+0	4,414E-1
3,120E+2	-2,538E-6	1,284E-7	8,600E-7	1,375E-7	2,680E-6	1,881E-7	2,815E+0	4,721E-1
3,122E+2	-2,868E-6	1,570E-7	1,348E-6	1,767E-7	3,169E-6	2,364E-7	2,702E+0	3,839E-1
3,125E+2	-2,564E-6	1,440E-7	9,140E-7	1,907E-7	2,722E-6	2,390E-7	2,799E+0	6,049E-1
3,128E+2	-2,420E-6	1,407E-7	1,134E-6	1,505E-7	2,673E-6	2,060E-7	2,703E+0	3,917E-1
3,130E+2	-2,282E-6	2,014E-7	1,100E-6	1,865E-7	2,533E-6	2,745E-7	2,692E+0	5,146E-1
3,132E+2	-2,370E-6	1,723E-7	6,540E-7	1,626E-7	2,459E-6	2,369E-7	2,872E+0	7,440E-1
3,135E+2	-2,158E-6	1,273E-7	1,136E-6	1,381E-7	2,439E-6	1,879E-7	2,657E+0	3,591E-1
3,138E+2	-2,302E-6	1,314E-7	8,600E-7	1,402E-7	2,457E-6	1,922E-7	2,784E+0	4,809E-1
3,140E+2	-1,918E-6	2,399E-7	7,480E-7	2,386E-7	2,059E-6	3,384E-7	2,770E+0	9,491E-1
3,142E+2	-2,310E-6	1,865E-7	1,008E-6	2,407E-7	2,520E-6	3,045E-7	2,730E+0	6,882E-1
3,145E+2	-2,030E-6	2,913E-7	9,100E-7	2,897E-7	2,225E-6	4,109E-7	2,720E+0	9,500E-1
3,148E+2	-2,474E-6	2,450E-7	8,580E-7	2,282E-7	2,619E-6	3,348E-7	2,808E+0	7,968E-1
3,150E+2	-2,696E-6	1,948E-7	6,580E-7	2,584E-7	2,775E-6	3,236E-7	2,902E+0	1,159E+0
3,152E+2	-1,972E-6	1,766E-7	1,236E-6	1,899E-7	2,327E-6	2,593E-7	2,582E+0	4,592E-1
3,155E+2	-2,196E-6	1,464E-7	8,700E-7	1,860E-7	2,362E-6	2,367E-7	2,764E+0	6,191E-1
3,158E+2	-2,580E-6	2,201E-7	9,440E-7	1,990E-7	2,747E-6	2,967E-7	2,791E+0	6,347E-1
3,160E+2	-2,218E-6	2,578E-7	7,740E-7	1,902E-7	2,349E-6	3,203E-7	2,806E+0	7,626E-1
3,162E+2	-2,258E-6	1,964E-7	7,100E-7	1,953E-7	2,367E-6	2,770E-7	2,837E+0	8,186E-1
3,165E+2	-2,074E-6	2,558E-7	8,460E-7	2,241E-7	2,240E-6	3,400E-7	2,754E+0	8,048E-1
3,168E+2	-2,240E-6	2,042E-7	8,280E-7	1,779E-7	2,388E-6	2,708E-7	2,788E+0	6,505E-1
3,170E+2	-2,208E-6	1,917E-7	8,600E-7	2,201E-7	2,370E-6	2,918E-7	2,770E+0	7,485E-1
3,172E+2	-2,424E-6	2,079E-7	7,020E-7	2,123E-7	2,524E-6	2,971E-7	2,860E+0	8,989E-1
1,712E+3	3,540E-7	7,831E-8	-2,440E-7	1,300E-7	4,299E-7	1,517E-7	-6,035E-1	-3,481E-1
1,713E+3	5,660E-7	3,424E-8	-2,800E-8	4,638E-8	5,667E-7	5,765E-8	-4,943E-2	-8,192E-2
1,713E+3	5,040E-7	6,337E-8	-1,800E-8	6,061E-8	5,043E-7	8,769E-8	-3,570E-2	-1,203E-1
1,713E+3	4,440E-7	1,093E-7	3,400E-8	1,452E-7	4,453E-7	1,818E-7	7,643E-2	3,270E-1
1,714E+3	6,120E-7	1,687E-7	2,300E-7	1,227E-7	6,538E-7	2,087E-7	3,595E-1	2,159E-1
1,714E+3	6,140E-7	4,392E-8	-2,000E-8	4,123E-8	6,143E-7	6,024E-8	-3,256E-2	-6,717E-2
1,714E+3	6,120E-7	4,176E-8	-8,000E-8	4,778E-8	6,172E-7	6,346E-8	-1,300E-1	-7,814E-2
1,714E+3	5,880E-7	5,356E-8	6,353E-24	5,123E-8	5,880E-7	7,412E-8	1,080E-17	8,713E-2
1,714E+3	6,120E-7	5,052E-8	-3,200E-8	4,051E-8	6,128E-7	6,475E-8	-5,224E-2	-6,627E-2
1,715E+3	6,920E-7	6,756E-8	-3,200E-8	3,893E-8	6,927E-7	7,797E-8	-4,621E-2	-5,640E-2
1,715E+3	6,340E-7	3,671E-8	-8,000E-9	5,072E-8	6,341E-7	6,261E-8	-1,262E-2	-8,000E-2
1,715E+3	6,100E-7	3,764E-8	-5,600E-8	4,157E-8	6,126E-7	5,607E-8	-9,155E-2	-6,818E-2
1,716E+3	6,720E-7	3,980E-8	-9,200E-8	4,038E-8	6,783E-7	5,670E-8	-1,361E-1	-6,026E-2
1,716E+3	6,820E-7	4,415E-8	3,000E-8	4,481E-8	6,827E-7	6,291E-8	4,396E-2	6,573E-2
1,716E+3	6,700E-7	5,492E-8	1,200E-7	5,362E-8	6,807E-7	7,676E-8	1,772E-1	8,051E-2
1,716E+3	6,860E-7	5,208E-8	-2,600E-8	4,647E-8	6,865E-7	6,980E-8	-3,788E-2	-6,777E-2
1,716E+3	7,640E-7	6,208E-8	-7,200E-8	5,810E-8	7,674E-7	8,503E-8	-9,396E-2	-7,621E-2
1,717E+3	6,220E-7	5,576E-8	1,000E-8	4,000E-8	6,221E-7	6,862E-8	1,608E-2	6,432E-2
1,717E+3	7,000E-7	5,431E-8	2,800E-8	4,718E-8	7,006E-7	7,194E-8	3,998E-2	6,743E-2
1,717E+3	7,220E-7	1,116E-7	-3,280E-7	3,003E-7	7,930E-7	3,203E-7	-4,264E-1	-3,959E-1
1,718E+3	5,860E-7	3,550E-7	-2,240E-7	2,662E-7	6,274E-7	4,438E-7	-3,651E-1	-4,871E-1
1,718E+3	7,220E-7	6,715E-8	-2,400E-7	1,556E-7	7,608E-7	1,694E-7	-3,209E-1	-2,101E-1
1,718E+3	7,280E-7	6,733E-8	2,800E-8	6,371E-8	7,285E-7	9,270E-8	3,844E-2	8,754E-2
1,718E+3	7,660E-7	4,862E-8	3,600E-8	5,712E-8	7,668E-7	7,501E-8	4,696E-2	7,457E-2
1,718E+3	7,900E-7	1,511E-7	4,420E-7	2,789E-7	9,052E-7	3,172E-7	5,101E-1	3,364E-1
1,719E+3	8,620E-7	2,723E-7	-2,960E-7	4,635E-7	9,114E-7	5,375E-7	-3,308E-1	-5,283E-1
1,719E+3	6,360E-7	3,039E-7	9,620E-7	5,164E-7	1,153E-6	5,992E-7	9,866E-1	7,091E-1
1,719E+3	2,960E-7	4,443E-7	3,500E-7	3,909E-7	4,584E-7	5,918E-7	8,688E-1	1,625E+0
1,720E+3	1,032E-6	4,015E-7	-5,200E-8	3,324E-7	1,033E-6	5,212E-7	-5,035E-2	-3,224E-1
1,720E+3	8,080E-7	5,836E-8	1,960E-7	5,187E-8	8,314E-7	7,808E-8	2,380E-1	6,529E-2
1,720E+3	9,640E-7	4,878E-8	2,100E-7	5,530E-8	9,866E-7	7,374E-8	2,145E-1	5,752E-2
1,720E+3	4,440E-7	4,449E-7	3,860E-7	5,013E-7	5,883E-7	6,703E-7	7,156E-1	1,174E+0
1,720E+3	5,480E-7	7,381E-7	-7,020E-7	8,716E-7	8,906E-7	1,142E-6	-9,080E-1	-1,663E+0
1,721E+3	8,760E-7	3,495E-7	5,240E-7	3,000E-7	1,021E-6	4,606E-7	5,391E-1	3,762E-1
1,721E+3	1,268E-6	1,936E-7	-1,900E-7	2,195E-7	1,282E-6	2,927E-7	-1,487E-1	-1,734E-1
1,721E+3	1,136E-6	3,132E-7	6,600E-8	2,387E-7	1,138E-6	3,938E-7	5,803E-2	2,105E-1
1,722E+3	1,006E-6	2,553E-7	4,540E-7	2,509E-7	1,104E-6	3,580E-7	4,239E-1	2,578E-1
1,722E+3	1,388E-6	2,050E-7	6,820E-7	1,843E-7	1,547E-6	2,756E-7	4,567E-1	1,406E-1
1,722E+3	1,336E-6	1,006E-7	5,900E-7	1,561E-7	1,460E-6	1,857E-7	4,159E-1	1,144E-1
1,722E+3	1,268E-6	7,370E-8	4,620E-7	6,591E-8	1,350E-6	9,888E-8	3,494E-1	5,382E-2
1,722E+3	1,342E-6	9,384E-8	6,880E-7	1,557E-7	1,508E-6	1,818E-7	4,737E-1	1,122E-1
1,723E+3	1,594E-6	1,215E-7	6,900E-7	1,127E-7	1,737E-6	1,657E-7	4,085E-1	7,361E-2
1,723E+3	1,546E-6	1,013E-7	6,620E-7	1,339E-7	1,682E-6	1,679E-7	4,046E-1	8,603E-2
1,723E+3	1,518E-6	5,887E-8	9,280E-7	8,150E-8	1,779E-6	1,005E-7	5,487E-1	5,268E-2
1,724E+3	1,696E-6	1,042E-7	1,150E-6	6,807E-8	2,049E-6	1,245E-7	5,959E-1	5,083E-2
1,724E+3	1,512E-6	1,608E-7	8,800E-7	2,004E-7	1,749E-6	2,569E-7	5,271E-1	1,325E-1
1,724E+3	1,418E-6	3,439E-7	1,572E-6	1,890E-7	2,117E-6	3,924E-7	8,369E-1	2,265E-1
1,724E+3	1,402E-6	1,442E-7	1,900E-6	1,632E-7	2,361E-6	2,178E-7	9,351E-1	1,253E-1
1,724E+3	1,538E-6	3,666E-8	1,800E-6	4,735E-8	2,368E-6	5,988E-8	8,637E-1	3,066E-2
1,725E+3	1,362E-6	3,153E-8	2,118E-6	4,572E-8	2,518E-6	5,554E-8	9,993E-1	3,163E-2
1,725E+3	1,116E-6	4,140E-8	2,238E-6	4,409E-8	2,501E-6	6,048E-8	1,108E+0	4,655E-2
1,725E+3	8,840E-7	4,837E-8	2,444E-6	5,028E-8	2,599E-6	6,976E-8	1,224E+0	7,153E-2
1,726E+3	4,980E-7	4,057E-8	2,618E-6	3,936E-8	2,665E-6	5,652E-8	1,383E+0	1,145E-1
1,726E+3	1,220E-7	5,672E-8	2,654E-6	4,349E-8	2,657E-6	7,147E-8	1,525E+0	7,094E-1
1,726E+3	-2,540E-7	6,614E-8	2,562E-6	4,065E-8	2,575E-6	7,763E-8	1,670E+0	4,356E-1
1,726E+3	-7,360E-7	4,316E-8	2,454E-6	4,847E-8	2,562E-6	6,490E-8	1,862E+0	1,152E-1
1,726E+3	-9,200E-7	4,444E-8	2,260E-6	4,291E-8	2,440E-6	6,178E-8	1,957E+0	1,016E-1
1,727E+3	-1,024E-6	4,194E-8	2,110E-6	4,359E-8	2,345E-6	6,049E-8	2,023E+0	9,279E-2
1,727E+3	-1,168E-6	5,978E-8	1,838E-6	3,940E-8	2,178E-6	7,160E-8	2,137E+0	1,186E-1
1,727E+3	-1,194E-6	5,434E-8	1,630E-6	2,754E-8	2,021E-6	6,092E-8	2,203E+0	1,069E-1
1,728E+3	-1,308E-6	5,482E-8	1,402E-6	3,409E-8	1,917E-6	6,456E-8	2,322E+0	1,125E-1
1,728E+3	-1,334E-6	5,006E-8	1,218E-6	3,828E-8	1,806E-6	6,302E-8	2,402E+0	1,176E-1
1,728E+3	-1,232E-6	4,367E-8	9,920E-7	6,236E-8	1,582E-6	7,613E-8	2,464E+0	1,778E-1
1,728E+3	-1,268E-6	4,508E-8	8,740E-7	5,261E-8	1,540E-6	6,928E-8	2,538E+0	1,774E-1
1,728E+3	-1,164E-6	4,364E-8	8,440E-7	4,859E-8	1,438E-6	6,531E-8	2,514E+0	1,727E-1
1,729E+3	-9,680E-7	6,211E-8	7,240E-7	6,703E-8	1,209E-6	9,138E-8	2,499E+0	2,815E-1
1,729E+3	-1,006E-6	1,078E-7	5,620E-7	7,344E-8	1,152E-6	1,304E-7	2,632E+0	4,448E-1
1,729E+3	-9,480E-7	1,004E-7	6,440E-7	8,983E-8	1,146E-6	1,347E-7	2,545E+0	4,458E-1
1,730E+3	-1,016E-6	8,133E-8	4,380E-7	7,310E-8	1,106E-6	1,094E-7	2,735E+0	5,062E-1
1,730E+3	-9,480E-7	5,697E-8	4,140E-7	6,024E-8	1,034E-6	8,292E-8	2,730E+0	4,298E-1
1,730E+3	-1,004E-6	5,431E-8	5,220E-7	7,545E-8	1,132E-6	9,296E-8	2,662E+0	4,108E-1
1,730E+3	-9,940E-7	7,096E-8	3,760E-7	7,200E-8	1,063E-6	1,011E-7	2,780E+0	5,681E-1
1,730E+3	-8,380E-7	7,184E-8	3,540E-7	6,916E-8	9,097E-7	9,972E-8	2,742E+0	5,850E-1
1,731E+3	-5,580E-7	1,045E-7	2,440E-7	1,002E-7	6,090E-7	1,448E-7	2,729E+0	1,232E+0
1,731E+3	-6,080E-7	2,172E-7	3,480E-7	2,068E-7	7,005E-7	2,999E-7	2,622E+0	1,818E+0
1,731E+3	-7,000E-7	2,154E-7	1,740E-7	1,980E-7	7,213E-7	2,926E-7	2,898E+0	3,417E+0
1,732E+3	-5,900E-7	3,549E-7	1,780E-7	3,383E-7	6,163E-7	4,903E-7	2,849E+0	5,679E+0
1,732E+3	-6,280E-7	5,373E-7	3,840E-7	5,006E-7	7,361E-7	7,344E-7	2,593E+0	4,043E+0
1,732E+3	-6,280E-7	3,704E-7	5,100E-7	3,504E-7	8,090E-7	5,099E-7	2,460E+0	2,227E+0
1,732E+3	-6,760E-7	9,207E-8	1,980E-7	1,034E-7	7,044E-7	1,385E-7	2,857E+0	1,542E+0
1,732E+3	-6,760E-7	9,019E-8	2,180E-7	6,794E-8	7,103E-7	1,129E-7	2,830E+0	9,593E-1
1,733E+3	-5,800E-7	9,708E-8	1,680E-7	8,611E-8	6,038E-7	1,298E-7	2,860E+0	1,542E+0
1,733E+3	-4,560E-7	1,192E-7	1,960E-7	9,987E-8	4,963E-7	1,555E-7	2,736E+0	1,567E+0
1,733E+3	-5,040E-7	6,689E-8	1,700E-7	7,984E-8	5,319E-7	1,042E-7	2,816E+0	1,375E+0
1,734E+3	-4,980E-7	8,438E-8	1,520E-7	7,732E-8	5,207E-7	1,145E-7	2,845E+0	1,526E+0
1,734E+3	-5,820E-7	1,084E-7	1,280E-7	1,004E-7	5,959E-7	1,478E-7	2,925E+0	2,359E+0
1,734E+3	-4,340E-7	7,690E-8	3,800E-8	9,641E-8	4,357E-7	1,233E-7	3,054E+0	7,767E+0
1,734E+3	-4,380E-7	1,039E-7	1,500E-7	1,025E-7	4,630E-7	1,460E-7	2,812E+0	2,034E+0
1,734E+3	-3,620E-7	9,107E-8	1,260E-7	9,261E-8	3,833E-7	1,299E-7	2,807E+0	2,180E+0
1,735E+3	-4,460E-7	1,004E-7	5,000E-8	7,382E-8	4,488E-7	1,246E-7	3,030E+0	4,525E+0
1,735E+3	-4,860E-7	6,834E-8	1,640E-7	6,086E-8	5,129E-7	9,152E-8	2,816E+0	1,118E+0
1,735E+3	-3,320E-7	7,916E-8	2,800E-8	8,549E-8	3,332E-7	1,165E-7	3,057E+0	9,364E+0
1,736E+3	-2,560E-7	9,048E-8	8,400E-8	7,798E-8	2,694E-7	1,194E-7	2,825E+0	2,806E+0
1,736E+3	-3,600E-7	1,060E-7	8,000E-9	8,769E-8	3,601E-7	1,376E-7	3,119E+0	3,420E+1
1,736E+3	-5,160E-7	9,054E-8	7,400E-8	6,923E-8	5,213E-7	1,140E-7	2,999E+0	2,855E+0
1,736E+3	-4,320E-7	2,722E-7	1,060E-7	1,151E-7	4,448E-7	2,955E-7	2,901E+0	3,642E+0
1,736E+3	-2,860E-7	3,331E-7	4,860E-7	3,750E-7	5,639E-7	5,015E-7	2,103E+0	2,937E+0
1,737E+3	-4,760E-7	1,728E-7	5,080E-7	3,133E-7	6,962E-7	3,578E-7	2,324E+0	1,663E+0
1,737E+3	-9,060E-7	2,634E-7	2,440E-7	5,048E-7	9,383E-7	5,694E-7	2,879E+0	6,014E+0
1,737E+3	3,640E-7	2,689E-7	8,080E-7	2,902E-7	8,862E-7	3,956E-7	1,148E+0	9,427E-1
1,738E+3	-4,120E-7	4,950E-7	-3,140E-7	4,771E-7	5,180E-7	6,875E-7	-2,490E+0	-4,824E+0
1,738E+3	8,800E-8	4,260E-7	1,060E-7	3,264E-7	1,378E-7	5,366E-7	8,779E-1	5,037E+0
1,738E+3	-2,360E-7	1,714E-7	8,400E-8	1,997E-7	2,505E-7	2,632E-7	2,800E+0	6,959E+0
1,738E+3	4,000E-9	2,009E-7	-3,800E-7	1,992E-7	3,800E-7	2,829E-7	-1,560E+0	-7,836E+1
1,738E+3	-2,620E-7	2,700E-7	1,220E-7	2,398E-7	2,890E-7	3,611E-7	2,706E+0	6,004E+0
1,739E+3	7,500E-7	2,572E-7	1,900E-7	2,223E-7	7,737E-7	3,400E-7	2,481E-1	3,025E-1
1,739E+3	5,400E-8	3,850E-7	4,380E-7	2,983E-7	4,413E-7	4,870E-7	1,448E+0	1,037E+1
1,739E+3	-2,000E-8	3,945E-7	-3,500E-7	4,087E-7	3,506E-7	5,681E-7	-1,628E+0	-3,217E+1
1,740E+3	-6,500E-7	4,635E-7	8,720E-7	3,798E-7	1,088E-6	5,992E-7	2,211E+0	1,848E+0
1,740E+3	-6,660E-7	6,159E-7	5,640E-7	7,114E-7	8,727E-7	9,410E-7	2,439E+0	3,815E+0
1,740E+3	1,960E-7	1,380E-6	-1,342E-6	9,731E-7	1,356E-6	1,689E-6	-1,426E+0	-1,009E+1
1,740E+3	-4,720E-7	1,038E-6	2,900E-7	1,403E-6	5,540E-7	1,745E-6	2,591E+0	1,377E+1
1,740E+3	1,168E-6	1,554E-6	1,818E-6	1,283E-6	2,161E-6	2,015E-6	9,997E-1	1,505E+0
1,741E+3	-2,708E-6	1,715E-6	-4,880E-7	1,552E-6	2,752E-6	2,314E-6	-2,963E+0	-9,612E+0
1,741E+3	4,000E-7	1,891E-6	3,960E-7	1,867E-6	5,629E-7	2,658E-6	7,804E-1	5,211E+0
1,741E+3	-3,740E-7	1,292E-6	-2,640E-7	1,158E-6	4,578E-7	1,735E-6	-2,527E+0	-1,411E+1
1,742E+3	-3,220E-7	1,126E-6	-2,320E-7	9,216E-7	3,969E-7	1,455E-6	-2,517E+0	-1,332E+1
1,742E+3	-9,380E-7	5,843E-7	1,810E-6	6,301E-7	2,039E-6	8,594E-7	2,049E+0	1,462E+0
1,742E+3	1,140E-7	5,855E-7	2,860E-7	5,655E-7	3,079E-7	8,140E-7	1,191E+0	6,557E+0
1,742E+3	-1,876E-6	6,935E-7	-4,960E-7	6,384E-7	1,940E-6	9,426E-7	-2,883E+0	-3,861E+0
1,742E+3	1,900E-7	7,536E-7	-4,940E-7	7,855E-7	5,293E-7	1,089E-6	-1,204E+0	-5,143E+0
1,743E+3	-9,700E-7	7,927E-7	-1,092E-6	7,059E-7	1,461E-6	1,061E-6	-2,297E+0	-2,394E+0
1,743E+3	-2,400E-7	5,297E-7	-1,200E-8	4,785E-7	2,403E-7	7,138E-7	-3,092E+0	-1,235E+2
1,743E+3	9,760E-7	3,984E-7	-5,260E-7	3,273E-7	1,109E-6	5,156E-7	-4,943E-1	-3,678E-1
1,744E+3	-3,040E-7	3,538E-7	-3,000E-7	3,690E-7	4,271E-7	5,112E-7	-2,363E+0	-4,001E+0
1,744E+3	5,020E-7	4,029E-7	1,240E-7	4,519E-7	5,171E-7	6,054E-7	2,422E-1	9,037E-1
1,744E+3	-8,800E-8	4,047E-7	-2,900E-7	4,249E-7	3,031E-7	5,868E-7	-1,865E+0	-9,004E+0
1,744E+3	-1,402E-6	3,221E-7	-1,768E-6	3,890E-7	2,256E-6	5,050E-7	-2,241E+0	-7,129E-1
1,744E+3	-1,020E-7	7,764E-7	1,780E-7	1,042E-6	2,052E-7	1,299E-6	2,091E+0	2,008E+1
1,745E+3	6,600E-8	6,169E-7	1,020E-7	4,720E-7	1,215E-7	7,767E-7	9,965E-1	1,039E+1
1,745E+3	6,800E-8	4,953E-7	-2,900E-7	5,178E-7	2,979E-7	7,165E-7	-1,340E+0	-1,005E+1
1,745E+3	2,500E-7	7,940E-7	2,540E-7	6,501E-7	3,564E-7	1,026E-6	7,933E-1	3,236E+0
1,746E+3	-9,460E-7	7,745E-7	-4,000E-8	8,581E-7	9,468E-7	1,156E-6	-3,099E+0	-6,654E+1
1,746E+3	-7,760E-7	1,062E-6	1,016E-22	1,019E-6	7,760E-7	1,472E-6	3,142E+0	3,150E+16
1,746E+3	-5,400E-8	7,579E-7	-2,800E-8	8,060E-7	6,083E-8	1,106E-6	-2,663E+0	-8,529E+1
1,746E+3	6,002E-6	3,005E-6	-3,840E-7	2,316E-6	6,014E-6	3,794E-6	-6,389E-2	-3,867E-1
1,746E+3	4,110E-6	3,222E-6	-1,242E-6	1,737E-6	4,294E-6	3,660E-6	-2,935E-1	-4,705E-1
1,747E+3	-1,200E-7	6,225E-7	2,180E-7	6,449E-7	2,488E-7	8,964E-7	2,074E+0	1,239E+1
1,747E+3	-7,600E-8	9,739E-7	-9,400E-8	9,448E-7	1,209E-7	1,357E-6	-2,251E+0	-3,666E+1
1,747E+3	1,076E-6	9,375E-7	-1,200E-7	8,670E-7	1,083E-6	1,277E-6	-1,111E-1	-8,082E-1
1,748E+3	-1,382E-6	5,189E-6	-1,818E-6	2,082E-6	2,284E-6	5,591E-6	-2,221E+0	-8,718E+0
1,748E+3	1,410E-6	4,297E-6	-8,638E-6	5,322E-6	8,752E-6	6,841E-6	-1,409E+0	-4,381E+0
1,748E+3	7,564E-6	6,035E-6	-3,620E-7	4,057E-6	7,573E-6	7,272E-6	-4,782E-2	-5,373E-1
1,748E+3	-4,790E-6	7,028E-6	9,502E-6	6,235E-6	1,064E-5	9,395E-6	2,038E+0	3,275E+0
1,748E+3	-2,180E-7	7,009E-6	1,140E-6	6,832E-6	1,161E-6	9,788E-6	1,760E+0	5,756E+1
1,749E+3	3,910E-6	9,047E-6	3,016E-5	1,164E-5	3,041E-5	1,474E-5	1,442E+0	3,382E+0
1,749E+3	9,990E-6	8,573E-6	3,894E-6	8,503E-6	1,072E-5	1,207E-5	3,717E-1	8,720E-1
1,749E+3	-1,075E-5	7,625E-6	5,340E-7	7,472E-6	1,077E-5	1,068E-5	3,092E+0	4,332E+1
1,750E+3	-1,762E-6	7,633E-6	-5,578E-6	8,221E-6	5,850E-6	1,122E-5	-1,877E+0	-8,588E+0
1,750E+3	5,786E-6	5,146E-6	-2,740E-7	4,931E-6	5,792E-6	7,127E-6	-4,732E-2	-8,527E-1
1,750E+3	-2,528E-6	4,513E-6	-1,620E-5	3,710E-6	1,640E-5	5,842E-6	-1,726E+0	-3,106E+0
1,750E+3	-3,840E-6	6,087E-6	4,540E-6	5,000E-6	5,946E-6	7,877E-6	2,273E+0	4,387E+0
1,750E+3	2,432E-6	3,635E-6	-3,920E-7	5,769E-6	2,463E-6	6,818E-6	-1,598E-1	-2,364E+0
1,751E+3	-2,542E-6	1,635E-6	-4,800E-6	2,258E-6	5,432E-6	2,788E-6	-2,058E+0	-1,640E+0
1,751E+3	2,368E-6	1,480E-6	3,086E-6	1,572E-6	3,890E-6	2,159E-6	9,163E-1	7,387E-1
1,751E+3	-3,320E-7	1,293E-6	-7,600E-7	1,464E-6	8,294E-7	1,953E-6	-1,983E+0	-8,613E+0
1,752E+3	-9,240E-7	1,224E-6	3,340E-7	1,476E-6	9,825E-7	1,918E-6	2,795E+0	1,290E+1
1,752E+3	-7,280E-7	9,057E-7	-1,568E-6	8,732E-7	1,729E-6	1,258E-6	-2,005E+0	-2,733E+0
1,752E+3	-4,000E-9	2,517E-6	1,550E-6	1,388E-6	1,550E-6	2,874E-6	1,573E+0	9,899E+2
1,752E+3	-7,520E-7	1,570E-6	5,700E-7	1,514E-6	9,436E-7	2,181E-6	2,493E+0	8,422E+0
1,752E+3	-2,550E-6	1,006E-6	-2,012E-6	8,706E-7	3,248E-6	1,331E-6	-2,474E+0	-1,449E+0
1,753E+3	-1,340E-7	6,716E-7	-9,040E-7	8,003E-7	9,139E-7	1,045E-6	-1,718E+0	-8,744E+0
1,753E+3	8,800E-8	1,115E-6	4,560E-7	1,325E-6	4,644E-7	1,732E-6	1,380E+0	1,794E+1
1,753E+3	2,000E-8	9,563E-7	2,372E-6	1,028E-6	2,372E-6	1,404E-6	1,562E+0	7,471E+1
1,754E+3	4,600E-8	3,894E-7	-1,700E-7	4,631E-7	1,761E-7	6,050E-7	-1,307E+0	-1,162E+1
1,754E+3	9,200E-8	3,099E-7	-4,440E-7	3,434E-7	4,534E-7	4,625E-7	-1,366E+0	-4,723E+0
1,754E+3	-4,340E-7	5,807E-7	-3,380E-7	5,212E-7	5,501E-7	7,802E-7	-2,480E+0	-5,063E+0
1,754E+3	-5,440E-7	3,787E-7	-1,200E-7	4,209E-7	5,571E-7	5,662E-7	-2,924E+0	-1,046E+1
1,754E+3	2,320E-7	2,644E-7	1,680E-7	3,002E-7	2,864E-7	4,000E-7	6,267E-1	1,328E+0
1,755E+3	3,400E-7	2,692E-7	4,000E-8	2,742E-7	3,423E-7	3,843E-7	1,171E-1	8,082E-1
1,755E+3	6,800E-8	2,340E-7	1,300E-7	2,210E-7	1,467E-7	3,219E-7	1,089E+0	4,179E+0
1,755E+3	3,920E-7	1,613E-7	-2,280E-7	2,066E-7	4,535E-7	2,621E-7	-5,268E-1	-5,243E-1
1,756E+3	2,380E-7	1,695E-7	4,400E-8	1,356E-7	2,420E-7	2,170E-7	1,828E-1	5,781E-1
1,756E+3	3,060E-7	1,632E-7	-1,100E-7	1,637E-7	3,252E-7	2,312E-7	-3,451E-1	-5,457E-1
1,756E+3	1,960E-7	1,335E-7	-1,200E-7	1,170E-7	2,298E-7	1,775E-7	-5,494E-1	-6,533E-1
1,756E+3	4,800E-8	1,393E-7	-2,360E-7	1,100E-7	2,408E-7	1,775E-7	-1,370E+0	-4,026E+0
1,756E+3	4,120E-7	1,492E-7	3,780E-7	1,382E-7	5,591E-7	2,034E-7	7,424E-1	3,821E-1
1,757E+3	3,660E-7	1,816E-7	-1,600E-8	1,546E-7	3,663E-7	2,385E-7	-4,369E-2	-4,226E-1
1,757E+3	3,680E-7	1,561E-7	-4,000E-9	1,402E-7	3,680E-7	2,098E-7	-1,087E-2	-3,809E-1
1,757E+3	4,040E-7	1,043E-7	5,000E-8	1,329E-7	4,071E-7	1,689E-7	1,231E-1	3,288E-1
1,758E+3	4,060E-7	1,146E-7	3,200E-8	1,120E-7	4,073E-7	1,602E-7	7,866E-2	2,762E-1
1,758E+3	4,400E-7	1,048E-7	-3,100E-7	1,140E-7	5,382E-7	1,548E-7	-6,138E-1	-2,689E-1
1,758E+3	3,940E-7	1,268E-7	-6,400E-8	1,157E-7	3,992E-7	1,716E-7	-1,610E-1	-2,956E-1
1,758E+3	4,960E-7	1,149E-7	4,800E-8	9,838E-8	4,983E-7	1,513E-7	9,647E-2	1,990E-1
1,758E+3	5,060E-7	7,918E-8	-1,440E-7	9,075E-8	5,261E-7	1,204E-7	-2,773E-1	-1,800E-1
1,759E+3	2,800E-7	1,234E-7	-1,400E-8	9,520E-8	2,803E-7	1,558E-7	-4,996E-2	-3,404E-1
1,759E+3	3,860E-7	1,387E-7	4,400E-8	1,097E-7	3,885E-7	1,768E-7	1,135E-1	2,858E-1
1,759E+3	5,060E-7	6,528E-8	-9,600E-8	6,184E-8	5,150E-7	8,992E-8	-1,875E-1	-1,232E-1
1,760E+3	4,460E-7	1,323E-7	-9,000E-8	9,390E-8	4,550E-7	1,622E-7	-1,991E-1	-2,160E-1
1,760E+3	4,600E-7	1,144E-7	1,200E-7	1,157E-7	4,754E-7	1,627E-7	2,552E-1	2,540E-1
1,760E+3	2,900E-7	1,114E-7	-8,200E-8	1,303E-7	3,014E-7	1,714E-7	-2,756E-1	-4,504E-1
1,760E+3	4,360E-7	1,179E-7	-3,200E-8	1,287E-7	4,372E-7	1,746E-7	-7,326E-2	-2,954E-1
1,760E+3	2,420E-7	1,645E-7	-3,400E-8	8,971E-8	2,444E-7	1,874E-7	-1,396E-1	-3,803E-1
1,761E+3	5,260E-7	8,063E-8	1,200E-8	8,467E-8	5,261E-7	1,169E-7	2,281E-2	1,610E-1
1,761E+3	5,200E-7	1,069E-7	6,600E-8	8,716E-8	5,242E-7	1,380E-7	1,262E-1	1,687E-1
1,761E+3	2,840E-7	1,084E-7	1,460E-7	1,348E-7	3,193E-7	1,730E-7	4,749E-1	4,743E-1
1,762E+3	4,860E-7	1,079E-7	2,120E-7	8,283E-8	5,302E-7	1,360E-7	4,113E-1	1,848E-1
1,762E+3	5,980E-7	6,497E-8	8,600E-8	7,203E-8	6,042E-7	9,700E-8	1,428E-1	1,206E-1
1,762E+3	5,640E-7	5,892E-8	4,600E-8	7,794E-8	5,659E-7	9,770E-8	8,138E-2	1,381E-1
1,762E+3	5,440E-7	6,016E-8	-6,400E-8	8,488E-8	5,478E-7	1,040E-7	-1,171E-1	-1,559E-1
1,762E+3	4,820E-7	5,369E-8	1,540E-7	5,575E-8	5,060E-7	7,740E-8	3,093E-1	1,171E-1
1,763E+3	6,460E-7	5,033E-8	5,400E-8	4,300E-8	6,483E-7	6,620E-8	8,340E-2	6,673E-2
1,763E+3	6,360E-7	5,296E-8	3,600E-8	4,757E-8	6,370E-7	7,118E-8	5,654E-2	7,486E-2
1,763E+3	7,080E-7	5,878E-8	2,600E-8	5,554E-8	7,085E-7	8,087E-8	3,671E-2	7,847E-2
1,764E+3	6,340E-7	4,706E-8	8,000E-9	4,997E-8	6,341E-7	6,864E-8	1,262E-2	7,882E-2
1,764E+3	6,480E-7	3,736E-8	-6,000E-9	5,659E-8	6,480E-7	6,781E-8	-9,259E-3	-8,733E-2
1,764E+3	6,960E-7	5,307E-8	6,000E-9	4,540E-8	6,960E-7	6,984E-8	8,620E-3	6,523E-2
1,764E+3	7,000E-7	4,573E-8	4,000E-9	6,137E-8	7,000E-7	7,654E-8	5,714E-3	8,767E-2
1,764E+3	7,420E-7	5,720E-8	7,400E-8	5,478E-8	7,457E-7	7,920E-8	9,940E-2	7,398E-2
1,765E+3	8,140E-7	4,326E-8	5,200E-8	5,770E-8	8,157E-7	7,211E-8	6,380E-2	7,087E-2
1,765E+3	8,380E-7	5,761E-8	1,020E-7	4,783E-8	8,442E-7	7,488E-8	1,211E-1	5,740E-2
1,765E+3	8,700E-7	4,252E-8	1,660E-7	6,408E-8	8,857E-7	7,690E-8	1,885E-1	7,336E-2
1,766E+3	8,860E-7	5,870E-8	5,200E-8	6,079E-8	8,875E-7	8,451E-8	5,862E-2	6,865E-2
1,766E+3	8,780E-7	5,268E-8	8,000E-8	4,463E-8	8,816E-7	6,905E-8	9,087E-2	5,098E-2
1,766E+3	8,200E-7	3,873E-8	8,000E-8	5,196E-8	8,239E-7	6,481E-8	9,725E-2	6,333E-2
1,766E+3	9,780E-7	3,583E-8	1,060E-7	4,842E-8	9,837E-7	6,024E-8	1,080E-1	4,947E-2
1,766E+3	1,008E-6	5,706E-8	9,200E-8	7,244E-8	1,012E-6	9,221E-8	9,102E-2	7,185E-2
1,767E+3	9,780E-7	4,083E-8	1,080E-7	3,262E-8	9,839E-7	5,226E-8	1,100E-1	3,353E-2
1,767E+3	9,420E-7	4,922E-8	4,800E-8	4,335E-8	9,432E-7	6,558E-8	5,091E-2	4,605E-2
1,767E+3	9,840E-7	3,727E-8	1,400E-7	4,601E-8	9,939E-7	5,921E-8	1,413E-1	4,675E-2
1,768E+3	1,206E-6	4,236E-8	1,620E-7	4,737E-8	1,217E-6	6,355E-8	1,335E-1	3,933E-2
1,768E+3	1,118E-6	5,016E-8	2,140E-7	4,505E-8	1,138E-6	6,742E-8	1,891E-1	4,071E-2
1,768E+3	1,124E-6	4,124E-8	2,060E-7	4,693E-8	1,143E-6	6,248E-8	1,813E-1	4,183E-2
1,768E+3	1,178E-6	5,050E-8	1,780E-7	5,001E-8	1,191E-6	7,107E-8	1,500E-1	4,262E-2
1,768E+3	1,184E-6	3,772E-8	2,360E-7	4,659E-8	1,207E-6	5,995E-8	1,967E-1	3,935E-2
1,769E+3	1,352E-6	3,857E-8	1,920E-7	4,059E-8	1,366E-6	5,599E-8	1,411E-1	3,009E-2
1,769E+3	1,272E-6	5,531E-8	3,320E-7	4,707E-8	1,315E-6	7,263E-8	2,553E-1	3,786E-2
1,769E+3	1,388E-6	4,512E-8	2,640E-7	3,736E-8	1,413E-6	5,858E-8	1,880E-1	2,729E-2
1,770E+3	1,324E-6	4,360E-8	2,840E-7	4,327E-8	1,354E-6	6,143E-8	2,113E-1	3,294E-2
1,770E+3	1,438E-6	5,294E-8	2,060E-7	4,146E-8	1,453E-6	6,724E-8	1,423E-1	2,912E-2
1,770E+3	1,614E-6	5,280E-8	4,080E-7	4,888E-8	1,665E-6	7,195E-8	2,476E-1	3,075E-2
1,770E+3	1,550E-6	5,292E-8	4,940E-7	5,126E-8	1,627E-6	7,367E-8	3,085E-1	3,370E-2
1,770E+3	1,550E-6	5,737E-8	4,760E-7	6,029E-8	1,621E-6	8,322E-8	2,980E-1	3,931E-2
1,771E+3	1,632E-6	7,472E-8	5,340E-7	7,504E-8	1,717E-6	1,059E-7	3,162E-1	4,674E-2
1,771E+3	1,758E-6	6,087E-8	5,940E-7	7,161E-8	1,856E-6	9,399E-8	3,258E-1	4,087E-2
1,771E+3	1,808E-6	9,577E-8	6,240E-7	7,752E-8	1,913E-6	1,232E-7	3,323E-1	4,488E-2
1,772E+3	1,796E-6	5,171E-8	6,860E-7	7,086E-8	1,923E-6	8,772E-8	3,649E-1	3,912E-2
1,772E+3	2,084E-6	7,946E-8	7,740E-7	6,983E-8	2,223E-6	1,058E-7	3,556E-1	3,483E-2
1,772E+3	2,108E-6	3,020E-7	1,100E-6	1,686E-7	2,378E-6	3,459E-7	4,810E-1	1,009E-1
1,772E+3	2,152E-6	2,072E-7	1,226E-6	1,653E-7	2,477E-6	2,650E-7	5,178E-1	8,578E-2
1,772E+3	2,252E-6	3,225E-7	1,306E-6	1,578E-7	2,603E-6	3,590E-7	5,255E-1	9,845E-2
1,773E+3	2,042E-6	1,633E-7	1,594E-6	1,734E-7	2,590E-6	2,382E-7	6,628E-1	8,947E-2
1,773E+3	2,428E-6	4,482E-8	1,630E-6	5,477E-8	2,924E-6	7,077E-8	5,912E-1	2,267E-2
1,773E+3	2,418E-6	4,898E-8	1,858E-6	4,130E-8	3,049E-6	6,407E-8	6,552E-1	1,970E-2
1,774E+3	2,462E-6	4,362E-8	2,114E-6	4,421E-8	3,245E-6	6,210E-8	7,095E-1	1,945E-2
1,774E+3	2,500E-6	3,969E-8	2,450E-6	3,916E-8	3,500E-6	5,575E-8	7,753E-1	1,746E-2
1,774E+3	2,368E-6	3,796E-8	2,682E-6	4,769E-8	3,578E-6	6,095E-8	8,475E-1	2,029E-2
1,774E+3	2,438E-6	4,034E-8	3,090E-6	4,282E-8	3,936E-6	5,883E-8	9,028E-1	1,948E-2
1,774E+3	2,030E-6	4,406E-8	3,470E-6	4,690E-8	4,020E-6	6,436E-8	1,041E+0	2,663E-2
1,775E+3	1,802E-6	4,168E-8	3,856E-6	5,403E-8	4,256E-6	6,824E-8	1,134E+0	3,066E-2
1,775E+3	1,360E-6	3,686E-8	4,090E-6	3,969E-8	4,310E-6	5,416E-8	1,250E+0	3,597E-2
1,775E+3	1,022E-6	4,538E-8	4,346E-6	4,212E-8	4,465E-6	6,191E-8	1,340E+0	6,089E-2
1,776E+3	3,840E-7	3,997E-8	4,522E-6	4,194E-8	4,538E-6	5,794E-8	1,486E+0	1,553E-1
1,776E+3	-1,000E-8	5,354E-8	4,446E-6	4,434E-8	4,446E-6	6,952E-8	1,573E+0	8,422E+0
1,776E+3	-5,420E-7	6,725E-8	4,368E-6	6,639E-8	4,401E-6	9,450E-8	1,694E+0	2,118E-1
1,776E+3	-9,640E-7	5,405E-8	4,248E-6	4,668E-8	4,356E-6	7,141E-8	1,794E+0	1,025E-1
1,776E+3	-1,278E-6	6,158E-8	3,974E-6	4,302E-8	4,174E-6	7,512E-8	1,882E+0	9,294E-2
1,777E+3	-1,560E-6	6,205E-8	3,674E-6	5,672E-8	3,991E-6	8,407E-8	1,972E+0	8,415E-2
1,777E+3	-1,910E-6	3,559E-8	3,480E-6	4,664E-8	3,970E-6	5,867E-8	2,073E+0	4,757E-2
1,777E+3	-2,000E-6	3,536E-8	3,046E-6	5,715E-8	3,644E-6	6,720E-8	2,152E+0	5,547E-2
1,778E+3	-2,088E-6	3,099E-8	2,736E-6	4,468E-8	3,442E-6	5,438E-8	2,223E+0	4,905E-2
1,778E+3	-2,134E-6	4,059E-8	2,510E-6	4,031E-8	3,295E-6	5,721E-8	2,275E+0	5,665E-2
1,778E+3	-2,192E-6	4,506E-8	2,296E-6	4,242E-8	3,174E-6	6,189E-8	2,333E+0	6,448E-2
1,778E+3	-2,138E-6	4,226E-8	2,024E-6	4,043E-8	2,944E-6	5,848E-8	2,384E+0	6,698E-2
1,778E+3	-2,190E-6	3,862E-8	1,878E-6	3,513E-8	2,885E-6	5,221E-8	2,433E+0	6,254E-2
1,779E+3	-2,124E-6	6,192E-8	1,850E-6	5,795E-8	2,817E-6	8,481E-8	2,425E+0	1,038E-1
1,779E+3	-2,090E-6	6,007E-8	1,580E-6	6,506E-8	2,620E-6	8,855E-8	2,494E+0	1,253E-1
1,779E+3	-2,094E-6	3,206E-8	1,432E-6	4,142E-8	2,537E-6	5,238E-8	2,542E+0	8,318E-2
1,780E+3	-1,940E-6	4,243E-8	1,406E-6	3,982E-8	2,396E-6	5,819E-8	2,514E+0	8,998E-2
1,780E+3	-1,902E-6	4,402E-8	1,226E-6	5,702E-8	2,263E-6	7,203E-8	2,569E+0	1,335E-1
1,780E+3	-1,864E-6	3,657E-8	1,096E-6	5,477E-8	2,162E-6	6,586E-8	2,610E+0	1,401E-1
1,780E+3	-1,906E-6	4,595E-8	1,066E-6	3,997E-8	2,184E-6	6,090E-8	2,632E+0	1,173E-1
1,780E+3	-1,884E-6	4,018E-8	1,014E-6	5,350E-8	2,140E-6	6,691E-8	2,648E+0	1,507E-1
1,781E+3	-1,762E-6	2,976E-8	8,620E-7	4,824E-8	1,962E-6	5,668E-8	2,687E+0	1,571E-1
1,781E+3	-1,756E-6	4,024E-8	8,320E-7	2,812E-8	1,943E-6	4,909E-8	2,699E+0	1,102E-1
1,781E+3	-1,696E-6	2,707E-8	7,640E-7	3,470E-8	1,860E-6	4,401E-8	2,718E+0	1,309E-1
1,782E+3	-1,604E-6	6,595E-8	7,580E-7	6,053E-8	1,774E-6	8,952E-8	2,700E+0	2,425E-1
1,782E+3	-1,600E-6	7,200E-8	8,180E-7	7,416E-8	1,797E-6	1,034E-7	2,669E+0	2,701E-1
1,782E+3	-1,582E-6	4,040E-8	6,540E-7	4,564E-8	1,712E-6	6,095E-8	2,750E+0	2,043E-1
1,782E+3	-1,582E-6	6,843E-8	5,320E-7	6,873E-8	1,669E-6	9,699E-8	2,817E+0	3,838E-1
1,782E+3	-1,478E-6	7,985E-8	5,280E-7	6,246E-8	1,569E-6	1,014E-7	2,798E+0	3,639E-1
1,783E+3	-7,880E-7	2,416E-7	6,200E-8	4,059E-7	7,904E-7	4,723E-7	3,063E+0	2,008E+1
1,783E+3	-8,260E-7	2,698E-7	1,240E-6	3,426E-7	1,490E-6	4,360E-7	2,158E+0	9,233E-1
1,783E+3	-1,442E-6	4,197E-7	-9,000E-8	3,124E-7	1,445E-6	5,232E-7	-3,079E+0	-1,073E+1
1,784E+3	-1,710E-6	1,893E-7	7,060E-7	2,209E-7	1,850E-6	2,909E-7	2,750E+0	9,126E-1
1,784E+3	-1,518E-6	1,955E-7	5,000E-7	5,172E-8	1,598E-6	2,022E-7	2,823E+0	4,663E-1
1,784E+3	-1,490E-6	1,734E-7	5,760E-7	1,493E-7	1,597E-6	2,288E-7	2,773E+0	7,880E-1
1,784E+3	-1,066E-6	2,165E-7	5,760E-7	1,200E-7	1,212E-6	2,475E-7	2,646E+0	7,698E-1
1,784E+3	-1,282E-6	3,616E-8	3,600E-7	3,640E-8	1,332E-6	5,131E-8	2,868E+0	3,010E-1
1,785E+3	-1,214E-6	3,434E-8	3,900E-7	4,416E-8	1,275E-6	5,594E-8	2,831E+0	3,304E-1
1,785E+3	-1,160E-6	3,278E-7	3,780E-7	2,421E-7	1,220E-6	4,075E-7	2,827E+0	1,979E+0
1,785E+3	-1,742E-6	4,239E-7	-5,760E-7	5,561E-7	1,835E-6	6,993E-7	-2,822E+0	-2,810E+0
1,786E+3	-1,408E-6	3,323E-7	-6,280E-7	4,971E-7	1,542E-6	5,980E-7	-2,722E+0	-2,249E+0
1,786E+3	-1,188E-6	4,101E-7	-7,280E-7	4,238E-7	1,393E-6	5,897E-7	-2,592E+0	-1,754E+0
1,786E+3	-1,154E-6	3,499E-8	3,200E-7	2,677E-8	1,198E-6	4,406E-8	2,871E+0	2,555E-1
1,786E+3	-1,094E-6	1,544E-7	4,760E-7	1,215E-7	1,193E-6	1,965E-7	2,731E+0	7,964E-1
1,786E+3	-1,126E-6	3,607E-8	2,960E-7	3,581E-8	1,164E-6	5,083E-8	2,885E+0	3,610E-1
1,787E+3	-1,152E-6	3,702E-8	3,000E-7	4,481E-8	1,190E-6	5,813E-8	2,887E+0	4,411E-1
1,787E+3	-1,226E-6	1,694E-7	1,720E-7	1,486E-7	1,238E-6	2,254E-7	3,002E+0	2,627E+0
1,787E+3	-1,202E-6	1,847E-7	2,480E-7	2,707E-7	1,227E-6	3,277E-7	2,938E+0	3,239E+0
4,912E+3	9,800E-8	3,234E-8	3,200E-8	1,381E-8	1,031E-7	3,516E-8	3,156E-1	1,714E-1
4,913E+3	1,640E-7	4,979E-8	3,600E-8	3,781E-8	1,679E-7	6,252E-8	2,161E-1	2,362E-1
4,913E+3	2,280E-7	3,709E-8	3,400E-8	2,594E-8	2,305E-7	4,526E-8	1,480E-1	1,155E-1
4,913E+3	1,340E-7	2,529E-8	5,400E-8	2,178E-8	1,445E-7	3,337E-8	3,831E-1	1,706E-1
4,914E+3	2,020E-7	1,968E-8	7,200E-8	1,758E-8	2,144E-7	2,639E-8	3,424E-1	9,000E-2
4,914E+3	2,280E-7	1,981E-8	4,600E-8	1,754E-8	2,326E-7	2,646E-8	1,991E-1	7,786E-2
4,914E+3	1,800E-7	1,414E-8	6,400E-8	1,208E-8	1,910E-7	1,860E-8	3,416E-1	6,986E-2
4,914E+3	1,920E-7	2,511E-8	4,400E-8	1,810E-8	1,970E-7	3,096E-8	2,253E-1	9,725E-2
4,914E+3	1,920E-7	2,511E-8	8,600E-8	2,011E-8	2,104E-7	3,217E-8	4,211E-1	1,128E-1
4,915E+3	2,740E-7	3,441E-8	1,000E-8	3,948E-8	2,742E-7	5,237E-8	3,648E-2	1,441E-1
4,915E+3	1,060E-7	3,667E-8	8,800E-8	2,962E-8	1,378E-7	4,713E-8	6,929E-1	3,344E-1
4,915E+3	1,860E-7	4,954E-8	2,800E-8	4,331E-8	1,881E-7	6,580E-8	1,494E-1	2,345E-1
4,916E+3	1,640E-7	5,381E-8	6,000E-9	4,994E-8	1,641E-7	7,342E-8	3,657E-2	3,046E-1
4,916E+3	2,600E-7	8,808E-8	3,080E-7	7,330E-8	4,031E-7	1,146E-7	8,697E-1	3,601E-1
4,916E+3	1,060E-7	7,612E-8	7,800E-8	3,841E-8	1,316E-7	8,526E-8	6,344E-1	5,524E-1
4,916E+3	1,960E-7	4,499E-8	2,000E-9	2,423E-8	1,960E-7	5,110E-8	1,020E-2	1,237E-1
4,916E+3	3,020E-7	3,657E-8	7,200E-8	3,652E-8	3,105E-7	5,168E-8	2,340E-1	1,221E-1
4,917E+3	1,340E-7	3,211E-8	8,000E-8	2,217E-8	1,561E-7	3,902E-8	5,382E-1	1,972E-1
4,917E+3	1,700E-7	2,661E-8	2,600E-8	2,002E-8	1,720E-7	3,331E-8	1,518E-1	1,193E-1
4,917E+3	1,920E-7	2,641E-8	6,800E-8	2,378E-8	2,037E-7	3,554E-8	3,404E-1	1,279E-1
4,918E+3	2,280E-7	2,844E-8	7,200E-8	2,238E-8	2,391E-7	3,619E-8	3,059E-1	1,024E-1
4,918E+3	2,420E-7	2,544E-8	8,000E-9	3,064E-8	2,421E-7	3,983E-8	3,305E-2	1,266E-1
4,918E+3	2,240E-7	2,468E-8	7,800E-8	3,015E-8	2,372E-7	3,897E-8	3,351E-1	1,347E-1
4,918E+3	1,840E-7	2,358E-8	7,200E-8	1,981E-8	1,976E-7	3,080E-8	3,730E-1	1,132E-1
4,918E+3	1,980E-7	2,406E-8	6,600E-8	2,268E-8	2,087E-7	3,307E-8	3,218E-1	1,173E-1
4,919E+3	1,880E-7	2,773E-8	1,240E-7	3,016E-8	2,252E-7	4,097E-8	5,831E-1	1,658E-1
4,919E+3	2,480E-7	2,131E-8	8,600E-8	1,882E-8	2,625E-7	2,843E-8	3,338E-1	7,849E-2
4,919E+3	2,480E-7	2,354E-8	6,800E-8	1,630E-8	2,572E-7	2,863E-8	2,676E-1	6,899E-2
4,920E+3	2,000E-7	2,582E-8	7,200E-8	2,103E-8	2,126E-7	3,330E-8	3,456E-1	1,104E-1
4,920E+3	2,000E-7	3,000E-8	7,000E-8	2,179E-8	2,119E-7	3,708E-8	3,367E-1	1,164E-1
4,920E+3	1,480E-7	4,392E-8	7,000E-8	3,109E-8	1,637E-7	5,381E-8	4,418E-1	2,360E-1
4,920E+3	1,840E-7	5,313E-8	1,040E-7	2,871E-8	2,114E-7	6,039E-8	5,145E-1	2,055E-1
4,920E+3	2,080E-7	4,413E-8	1,080E-7	3,262E-8	2,344E-7	5,488E-8	4,789E-1	1,768E-1
4,921E+3	2,040E-7	2,080E-8	1,000E-7	1,607E-8	2,272E-7	2,629E-8	4,558E-1	8,675E-2
4,921E+3	2,420E-7	1,930E-8	7,800E-8	2,083E-8	2,543E-7	2,840E-8	3,118E-1	8,691E-2
4,921E+3	2,640E-7	2,407E-8	1,380E-7	2,420E-8	2,979E-7	3,413E-8	4,817E-1	9,520E-2
4,922E+3	2,380E-7	2,047E-8	1,040E-7	1,998E-8	2,597E-7	2,861E-8	4,120E-1	8,673E-2
4,922E+3	2,320E-7	3,839E-8	8,800E-8	1,899E-8	2,481E-7	4,283E-8	3,625E-1	9,860E-2
4,922E+3	2,080E-7	2,764E-8	1,020E-7	2,423E-8	2,317E-7	3,676E-8	4,559E-1	1,241E-1
4,922E+3	2,220E-7	2,631E-8	1,100E-7	2,021E-8	2,478E-7	3,318E-8	4,600E-1	1,006E-1
4,922E+3	2,180E-7	2,928E-8	9,000E-8	3,109E-8	2,358E-7	4,271E-8	3,915E-1	1,451E-1
4,923E+3	2,560E-7	1,965E-8	1,060E-7	1,509E-8	2,771E-7	2,477E-8	3,926E-1	6,348E-2
4,923E+3	2,660E-7	2,231E-8	1,260E-7	1,636E-8	2,943E-7	2,766E-8	4,424E-1	6,838E-2
4,923E+3	2,960E-7	2,100E-8	1,240E-7	2,974E-8	3,209E-7	3,641E-8	3,967E-1	9,921E-2
4,924E+3	2,620E-7	2,368E-8	1,160E-7	2,268E-8	2,865E-7	3,279E-8	4,168E-1	8,977E-2
4,924E+3	2,720E-7	2,043E-8	1,080E-7	1,930E-8	2,927E-7	2,810E-8	3,780E-1	7,325E-2
4,924E+3	2,520E-7	2,300E-8	1,060E-7	1,424E-8	2,734E-7	2,705E-8	3,982E-1	6,465E-2
4,924E+3	2,760E-7	2,293E-8	1,380E-7	2,471E-8	3,086E-7	3,371E-8	4,636E-1	9,153E-2
4,924E+3	1,840E-7	7,771E-8	1,120E-7	6,220E-8	2,154E-7	9,954E-8	5,468E-1	3,815E-1
4,925E+3	2,600E-7	4,890E-8	2,080E-7	4,269E-8	3,330E-7	6,492E-8	6,747E-1	1,878E-1
4,925E+3	1,800E-7	4,873E-8	1,380E-7	4,390E-8	2,268E-7	6,559E-8	6,541E-1	2,732E-1
4,925E+3	2,760E-7	1,194E-8	1,320E-7	1,186E-8	3,059E-7	1,683E-8	4,461E-1	4,449E-2
4,926E+3	3,000E-7	1,041E-8	1,360E-7	1,542E-8	3,294E-7	1,860E-8	4,256E-1	5,046E-2
4,926E+3	2,940E-7	1,590E-8	1,680E-7	1,350E-8	3,386E-7	2,086E-8	5,191E-1	5,029E-2
4,926E+3	2,780E-7	1,158E-8	1,320E-7	9,074E-9	3,077E-7	1,471E-8	4,433E-1	3,563E-2
4,926E+3	2,880E-7	8,794E-9	1,780E-7	1,387E-8	3,386E-7	1,642E-8	5,536E-1	4,633E-2
4,926E+3	2,740E-7	1,475E-8	1,680E-7	1,655E-8	3,214E-7	2,217E-8	5,500E-1	6,176E-2
4,927E+3	2,820E-7	1,114E-8	1,680E-7	1,350E-8	3,282E-7	1,750E-8	5,373E-1	4,811E-2
4,927E+3	2,740E-7	2,220E-8	2,300E-7	2,102E-8	3,577E-7	3,057E-8	6,983E-1	8,527E-2
4,927E+3	3,100E-7	4,173E-8	1,880E-7	3,382E-8	3,626E-7	5,372E-8	5,451E-1	1,225E-1
4,928E+3	2,840E-7	2,982E-8	2,140E-7	3,298E-8	3,556E-7	4,446E-8	6,458E-1	1,204E-1
4,928E+3	2,840E-7	5,543E-8	1,780E-7	4,360E-8	3,352E-7	7,052E-8	5,599E-1	1,753E-1
4,928E+3	2,840E-7	3,602E-8	2,460E-7	3,161E-8	3,757E-7	4,793E-8	7,138E-1	1,289E-1
4,928E+3	2,660E-7	2,897E-8	3,000E-7	3,819E-8	4,009E-7	4,793E-8	8,454E-1	1,416E-1
4,928E+3	2,580E-7	3,023E-8	2,580E-7	3,249E-8	3,649E-7	4,438E-8	7,854E-1	1,351E-1
4,929E+3	2,940E-7	2,333E-8	2,980E-7	2,208E-8	4,186E-7	3,212E-8	7,922E-1	8,600E-2
4,929E+3	3,060E-7	2,789E-8	2,420E-7	2,688E-8	3,901E-7	3,873E-8	6,691E-1	9,613E-2
4,929E+3	3,140E-7	2,654E-8	2,600E-7	2,236E-8	4,077E-7	3,470E-8	6,916E-1	8,339E-2
4,930E+3	2,200E-7	8,332E-8	2,600E-7	7,863E-8	3,406E-7	1,146E-7	8,685E-1	4,209E-1
4,930E+3	1,720E-7	9,156E-8	3,900E-7	8,495E-8	4,262E-7	1,249E-7	1,155E+0	6,646E-1
4,930E+3	2,160E-7	4,964E-8	3,480E-7	4,228E-8	4,096E-7	6,520E-8	1,015E+0	2,639E-1
4,930E+3	2,800E-7	2,500E-8	3,000E-7	3,096E-8	4,104E-7	3,979E-8	8,199E-1	1,119E-1
4,930E+3	2,840E-7	2,376E-8	2,980E-7	3,385E-8	4,117E-7	4,135E-8	8,094E-1	1,142E-1
4,931E+3	3,120E-7	2,047E-8	3,320E-7	2,158E-8	4,556E-7	2,974E-8	8,164E-1	7,540E-2
4,931E+3	2,540E-7	2,178E-8	3,340E-7	2,673E-8	4,196E-7	3,448E-8	9,206E-1	1,080E-1
4,931E+3	2,840E-7	2,135E-8	3,280E-7	2,599E-8	4,339E-7	3,364E-8	8,572E-1	9,364E-2
4,932E+3	2,620E-7	1,832E-8	3,400E-7	2,041E-8	4,292E-7	2,743E-8	9,142E-1	8,426E-2
4,932E+3	2,860E-7	2,716E-8	3,580E-7	3,197E-8	4,582E-7	4,195E-8	8,967E-1	1,169E-1
4,932E+3	2,420E-7	2,734E-8	3,420E-7	2,577E-8	4,190E-7	3,757E-8	9,550E-1	1,297E-1
4,932E+3	2,720E-7	2,518E-8	3,080E-7	2,427E-8	4,109E-7	3,497E-8	8,474E-1	1,030E-1
4,932E+3	1,900E-7	4,311E-8	4,180E-7	2,361E-8	4,592E-7	4,915E-8	1,144E+0	2,675E-1
4,933E+3	1,800E-7	2,677E-8	4,300E-7	1,915E-8	4,662E-7	3,291E-8	1,174E+0	1,823E-1
4,933E+3	1,960E-7	2,676E-8	3,580E-7	2,249E-8	4,081E-7	3,495E-8	1,070E+0	1,608E-1
4,933E+3	2,540E-7	3,463E-8	3,940E-7	2,128E-8	4,688E-7	4,064E-8	9,982E-1	1,464E-1
4,934E+3	1,660E-7	3,363E-8	4,260E-7	2,257E-8	4,572E-7	4,050E-8	1,199E+0	2,511E-1
4,934E+3	1,980E-7	5,184E-8	4,280E-7	3,852E-8	4,716E-7	6,459E-8	1,137E+0	3,149E-1
4,934E+3	1,620E-7	6,092E-8	4,380E-7	5,570E-8	4,670E-7	8,254E-8	1,217E+0	4,829E-1
4,934E+3	1,900E-7	3,500E-8	4,120E-7	4,085E-8	4,537E-7	5,380E-8	1,139E+0	2,382E-1
4,934E+3	2,040E-7	9,609E-8	4,060E-7	8,964E-8	4,544E-7	1,314E-7	1,105E+0	5,749E-1
4,935E+3	7,600E-8	4,718E-8	4,680E-7	5,024E-8	4,741E-7	6,892E-8	1,410E+0	8,882E-1
4,935E+3	1,460E-7	3,685E-8	4,800E-7	3,464E-8	5,017E-7	5,057E-8	1,276E+0	3,348E-1
4,935E+3	8,600E-8	8,106E-8	5,120E-7	5,410E-8	5,192E-7	9,746E-8	1,404E+0	1,332E+0
4,936E+3	1,600E-8	8,508E-8	3,920E-7	6,656E-8	3,923E-7	1,080E-7	1,530E+0	8,140E+0
4,936E+3	1,120E-7	8,353E-8	4,480E-7	6,134E-8	4,618E-7	1,036E-7	1,326E+0	1,005E+0
4,936E+3	6,000E-8	6,589E-8	4,700E-7	4,856E-8	4,738E-7	8,185E-8	1,444E+0	1,593E+0
4,936E+3	5,000E-8	5,485E-8	4,800E-7	4,133E-8	4,826E-7	6,868E-8	1,467E+0	1,614E+0
4,936E+3	3,200E-8	5,461E-8	5,180E-7	4,769E-8	5,190E-7	7,250E-8	1,509E+0	2,579E+0
4,937E+3	4,200E-8	5,632E-8	4,860E-7	4,869E-8	4,878E-7	7,445E-8	1,485E+0	1,996E+0
4,937E+3	2,800E-8	6,318E-8	5,400E-7	5,346E-8	5,407E-7	8,277E-8	1,519E+0	3,431E+0
4,937E+3	-6,000E-9	5,855E-8	4,660E-7	5,023E-8	4,660E-7	7,714E-8	1,584E+0	1,545E+1
4,938E+3	-5,200E-8	6,931E-8	4,400E-7	5,485E-8	4,431E-7	8,839E-8	1,688E+0	2,260E+0
4,938E+3	-1,760E-7	9,904E-8	4,720E-7	7,938E-8	5,037E-7	1,269E-7	1,928E+0	1,132E+0
4,938E+3	-1,800E-8	7,724E-8	4,680E-7	6,658E-8	4,683E-7	1,020E-7	1,609E+0	6,909E+0
4,938E+3	-1,620E-7	8,161E-8	4,340E-7	5,998E-8	4,632E-7	1,013E-7	1,928E+0	1,007E+0
4,938E+3	6,000E-9	6,240E-8	4,680E-7	4,554E-8	4,680E-7	7,725E-8	1,558E+0	1,620E+1
4,939E+3	-1,280E-7	3,841E-8	4,920E-7	2,911E-8	5,084E-7	4,820E-8	1,825E+0	5,583E-1
4,939E+3	-1,800E-7	3,342E-8	4,420E-7	3,436E-8	4,772E-7	4,793E-8	1,958E+0	3,940E-1
4,939E+3	-2,400E-7	2,517E-8	4,740E-7	2,182E-8	5,313E-7	3,331E-8	2,039E+0	2,336E-1
4,940E+3	-1,760E-7	6,697E-8	4,760E-7	6,097E-8	5,075E-7	9,056E-8	1,925E+0	7,728E-1
4,940E+3	-2,260E-7	5,108E-8	4,600E-7	3,202E-8	5,125E-7	6,029E-8	2,027E+0	4,795E-1
4,940E+3	-1,380E-7	3,711E-8	4,320E-7	3,499E-8	4,535E-7	5,100E-8	1,880E+0	5,280E-1
4,940E+3	-1,340E-7	5,505E-8	4,180E-7	2,158E-8	4,390E-7	5,913E-8	1,881E+0	7,789E-1
4,940E+3	-2,400E-7	5,867E-8	3,860E-7	8,168E-8	4,545E-7	1,006E-7	2,127E+0	6,877E-1
4,941E+3	-2,520E-7	4,877E-8	3,020E-7	2,993E-8	3,933E-7	5,722E-8	2,266E+0	4,928E-1
4,941E+3	-2,600E-7	3,841E-8	4,740E-7	3,070E-8	5,406E-7	4,917E-8	2,073E+0	3,343E-1
4,941E+3	-2,760E-7	1,711E-8	4,160E-7	2,286E-8	4,992E-7	2,855E-8	2,157E+0	1,786E-1
4,942E+3	-2,880E-7	1,921E-8	3,920E-7	1,375E-8	4,864E-7	2,362E-8	2,204E+0	1,661E-1
4,942E+3	-2,860E-7	1,429E-8	4,060E-7	1,333E-8	4,966E-7	1,954E-8	2,184E+0	1,306E-1
4,942E+3	-3,020E-7	2,282E-8	3,500E-7	2,102E-8	4,623E-7	3,102E-8	2,283E+0	2,203E-1
4,942E+3	-2,860E-7	2,638E-8	3,640E-7	1,458E-8	4,629E-7	3,014E-8	2,237E+0	2,249E-1
4,942E+3	-3,600E-7	5,708E-8	3,680E-7	4,415E-8	5,148E-7	7,216E-8	2,345E+0	4,663E-1
4,943E+3	-3,100E-7	4,950E-8	3,760E-7	2,293E-8	4,873E-7	5,455E-8	2,260E+0	3,863E-1
4,943E+3	-2,980E-7	2,557E-8	3,140E-7	1,671E-8	4,329E-7	3,055E-8	2,330E+0	2,353E-1
4,943E+3	-2,460E-7	3,628E-8	2,900E-7	2,887E-8	3,803E-7	4,636E-8	2,274E+0	4,046E-1
4,944E+3	-3,540E-7	7,566E-8	3,420E-7	4,947E-8	4,922E-7	9,040E-8	2,373E+0	6,125E-1
4,944E+3	-3,680E-7	4,091E-8	3,060E-7	3,723E-8	4,786E-7	5,532E-8	2,448E+0	4,034E-1
4,944E+3	-3,720E-7	2,973E-8	3,300E-7	2,291E-8	4,973E-7	3,754E-8	2,416E+0	2,558E-1
4,944E+3	-3,520E-7	3,285E-8	2,960E-7	4,061E-8	4,599E-7	5,223E-8	2,442E+0	4,053E-1
4,944E+3	-2,260E-7	5,455E-8	2,560E-7	4,986E-8	3,415E-7	7,391E-8	2,294E+0	7,115E-1
4,945E+3	-3,320E-7	8,067E-8	2,360E-7	5,160E-8	4,073E-7	9,576E-8	2,524E+0	8,249E-1
4,945E+3	-4,000E-7	2,236E-8	3,200E-7	2,754E-8	5,122E-7	3,547E-8	2,467E+0	2,531E-1
4,945E+3	-4,420E-7	6,587E-8	3,060E-7	4,275E-8	5,376E-7	7,853E-8	2,536E+0	5,181E-1
4,946E+3	-3,000E-7	3,948E-8	1,960E-7	4,368E-8	3,584E-7	5,887E-8	2,563E+0	6,633E-1
4,946E+3	-2,420E-7	5,543E-8	1,580E-7	5,829E-8	2,890E-7	8,043E-8	2,563E+0	1,113E+0
4,946E+3	-3,140E-7	7,363E-8	2,280E-7	5,157E-8	3,880E-7	8,989E-8	2,514E+0	8,189E-1
4,946E+3	-1,780E-7	7,263E-8	3,320E-7	8,817E-8	3,767E-7	1,142E-7	2,063E+0	1,004E+0
4,946E+3	-3,380E-7	9,089E-8	2,080E-7	4,688E-8	3,969E-7	1,023E-7	2,590E+0	9,087E-1
4,947E+3	-2,900E-7	9,110E-8	2,420E-7	7,448E-8	3,777E-7	1,177E-7	2,446E+0	1,076E+0
4,947E+3	-4,320E-7	6,089E-8	2,120E-7	8,243E-8	4,812E-7	1,025E-7	2,685E+0	1,111E+0
4,947E+3	-5,440E-7	7,149E-8	2,500E-7	6,218E-8	5,987E-7	9,475E-8	2,711E+0	7,626E-1
4,948E+3	-3,960E-7	7,762E-8	2,480E-7	8,173E-8	4,672E-7	1,127E-7	2,582E+0	9,900E-1
4,948E+3	-2,360E-7	6,895E-8	1,920E-7	6,067E-8	3,042E-7	9,184E-8	2,459E+0	1,058E+0
4,948E+3	-4,340E-7	4,914E-8	2,640E-7	4,364E-8	5,080E-7	6,572E-8	2,595E+0	5,199E-1
4,948E+3	-3,480E-7	4,614E-8	2,280E-7	3,367E-8	4,160E-7	5,712E-8	2,562E+0	5,084E-1
4,948E+3	-3,100E-7	5,553E-8	1,720E-7	7,843E-8	3,545E-7	9,609E-8	2,635E+0	1,291E+0
4,949E+3	-2,840E-7	5,843E-8	1,840E-7	4,871E-8	3,384E-7	7,607E-8	2,567E+0	8,606E-1
4,949E+3	-2,180E-7	6,130E-8	1,680E-7	4,889E-8	2,752E-7	7,841E-8	2,485E+0	1,006E+0
4,949E+3	-3,000E-7	8,770E-8	1,980E-7	7,887E-8	3,594E-7	1,180E-7	2,558E+0	1,264E+0
4,950E+3	-3,280E-7	1,537E-7	4,980E-7	1,436E-7	5,963E-7	2,103E-7	2,153E+0	1,185E+0
4,950E+3	-3,160E-7	1,357E-7	1,100E-7	1,137E-7	3,346E-7	1,770E-7	2,807E+0	3,140E+0
4,950E+3	-2,880E-7	5,953E-8	1,200E-7	6,892E-8	3,120E-7	9,107E-8	2,747E+0	1,677E+0
4,950E+3	-1,920E-7	1,368E-7	2,540E-7	1,132E-7	3,184E-7	1,776E-7	2,218E+0	1,865E+0
4,950E+3	-8,600E-8	2,723E-7	4,400E-8	2,298E-7	9,660E-8	3,563E-7	2,669E+0	1,630E+1
4,951E+3	-4,160E-7	1,949E-7	-2,560E-7	2,245E-7	4,885E-7	2,973E-7	-2,590E+0	-2,575E+0
4,951E+3	-9,800E-8	3,954E-7	-2,740E-7	4,308E-7	2,910E-7	5,848E-7	-1,914E+0	-8,290E+0
4,951E+3	-8,080E-7	1,527E-7	2,880E-7	1,396E-7	8,578E-7	2,069E-7	2,799E+0	1,456E+0
4,952E+3	-2,680E-7	1,397E-7	5,300E-7	1,296E-7	5,939E-7	1,905E-7	2,039E+0	1,174E+0
4,952E+3	-3,400E-7	1,887E-7	3,800E-8	1,504E-7	3,421E-7	2,413E-7	3,030E+0	1,211E+1
4,952E+3	-3,980E-7	1,331E-7	-2,000E-9	1,311E-7	3,980E-7	1,868E-7	-3,137E+0	-2,057E+2
4,952E+3	-4,920E-7	7,375E-8	3,020E-7	1,122E-7	5,773E-7	1,342E-7	2,591E+0	1,038E+0
4,952E+3	-3,500E-7	6,455E-8	2,520E-7	4,928E-8	4,313E-7	8,121E-8	2,518E+0	6,768E-1
4,953E+3	-5,440E-7	7,976E-8	1,840E-7	6,969E-8	5,743E-7	1,059E-7	2,815E+0	1,143E+0
4,953E+3	-4,060E-7	8,904E-8	2,520E-7	8,409E-8	4,778E-7	1,225E-7	2,586E+0	1,033E+0
4,953E+3	-4,080E-7	1,932E-7	2,240E-7	1,410E-7	4,654E-7	2,392E-7	2,640E+0	2,079E+0
4,954E+3	-1,320E-7	1,785E-7	2,800E-8	1,870E-7	1,349E-7	2,585E-7	2,933E+0	1,999E+1
4,954E+3	-1,300E-7	2,027E-7	-3,800E-8	2,230E-7	1,354E-7	3,013E-7	-2,857E+0	-1,735E+1
4,954E+3	-4,120E-7	1,272E-7	2,580E-7	1,231E-7	4,861E-7	1,770E-7	2,582E+0	1,467E+0
4,954E+3	-5,940E-7	2,875E-7	3,100E-7	2,724E-7	6,700E-7	3,960E-7	2,661E+0	2,669E+0
4,954E+3	-2,400E-8	1,646E-7	2,540E-7	1,513E-7	2,551E-7	2,236E-7	1,665E+0	1,147E+1
4,955E+3	8,000E-8	3,376E-7	-2,920E-7	3,115E-7	3,028E-7	4,594E-7	-1,303E+0	-5,673E+0
4,955E+3	-1,340E-7	3,959E-7	1,240E-7	3,890E-7	1,826E-7	5,551E-7	2,395E+0	1,032E+1
4,955E+3	-2,780E-7	7,177E-8	6,000E-9	5,349E-8	2,781E-7	8,951E-8	3,120E+0	2,783E+1
4,956E+3	-2,960E-7	6,116E-8	1,720E-7	4,144E-8	3,423E-7	7,388E-8	2,615E+0	8,301E-1
4,956E+3	-2,500E-7	5,583E-8	9,600E-8	5,612E-8	2,678E-7	7,916E-8	2,775E+0	1,736E+0
4,956E+3	-3,240E-7	6,765E-8	1,400E-7	4,041E-8	3,530E-7	7,880E-8	2,734E+0	9,739E-1
4,956E+3	-3,280E-7	6,192E-8	6,600E-8	5,047E-8	3,346E-7	7,989E-8	2,943E+0	2,318E+0
4,956E+3	-2,720E-7	3,959E-8	9,000E-8	2,255E-8	2,865E-7	4,556E-8	2,822E+0	8,176E-1
4,957E+3	-2,600E-7	2,160E-8	6,800E-8	1,350E-8	2,687E-7	2,548E-8	2,886E+0	6,212E-1
4,957E+3	-2,940E-7	1,301E-8	7,600E-8	1,686E-8	3,037E-7	2,130E-8	2,889E+0	6,535E-1
4,957E+3	-2,920E-7	1,625E-8	7,800E-8	1,356E-8	3,022E-7	2,117E-8	2,881E+0	5,260E-1
4,958E+3	-3,480E-7	1,989E-8	7,600E-8	1,503E-8	3,562E-7	2,493E-8	2,927E+0	6,026E-1
4,958E+3	-3,000E-7	1,683E-8	6,000E-8	1,607E-8	3,059E-7	2,327E-8	2,944E+0	8,058E-1
4,958E+3	-2,780E-7	2,293E-8	5,600E-8	1,453E-8	2,836E-7	2,714E-8	2,943E+0	8,010E-1
4,958E+3	-3,000E-7	4,425E-8	6,400E-8	3,470E-8	3,068E-7	5,624E-8	2,931E+0	1,647E+0
4,958E+3	-2,960E-7	5,314E-8	5,200E-8	5,719E-8	3,005E-7	7,807E-8	2,968E+0	3,307E+0
4,959E+3	-2,240E-7	3,938E-8	6,400E-8	2,836E-8	2,330E-7	4,853E-8	2,863E+0	1,365E+0
4,959E+3	-3,040E-7	3,239E-8	7,000E-8	2,517E-8	3,120E-7	4,102E-8	2,915E+0	1,093E+0
4,959E+3	-2,040E-7	5,299E-8	5,200E-8	3,129E-8	2,105E-7	6,154E-8	2,892E+0	1,895E+0
4,960E+3	-2,640E-7	5,256E-8	1,400E-7	3,808E-8	2,988E-7	6,491E-8	2,654E+0	8,946E-1
4,960E+3	-2,980E-7	3,984E-8	4,400E-8	2,128E-8	3,012E-7	4,517E-8	2,995E+0	1,503E+0
4,960E+3	-2,440E-7	4,116E-8	3,200E-8	2,361E-8	2,461E-7	4,745E-8	3,011E+0	2,279E+0
4,960E+3	-2,840E-7	6,342E-8	1,280E-7	8,898E-8	3,115E-7	1,093E-7	2,718E+0	1,985E+0
4,960E+3	-2,440E-7	2,877E-8	7,200E-8	2,830E-8	2,544E-7	4,035E-8	2,855E+0	1,171E+0
4,961E+3	-1,800E-7	8,026E-8	1,700E-7	9,065E-8	2,476E-7	1,211E-7	2,385E+0	1,658E+0
4,961E+3	-1,940E-7	7,661E-8	2,040E-7	7,141E-8	2,815E-7	1,047E-7	2,331E+0	1,230E+0
4,961E+3	-3,880E-7	8,182E-8	-2,000E-9	3,668E-8	3,880E-7	8,966E-8	-3,136E+0	-5,753E+1
4,962E+3	-2,980E-7	8,259E-8	4,200E-8	8,270E-8	3,009E-7	1,169E-7	3,002E+0	5,968E+0
4,962E+3	-2,360E-7	4,496E-8	2,400E-8	2,468E-8	2,372E-7	5,129E-8	3,040E+0	3,180E+0
4,962E+3	-2,640E-7	3,062E-8	5,000E-8	2,179E-8	2,687E-7	3,759E-8	2,954E+0	1,333E+0
4,962E+3	-2,600E-7	2,784E-8	6,000E-8	2,160E-8	2,668E-7	3,524E-8	2,915E+0	1,095E+0
4,962E+3	-2,460E-7	3,861E-8	5,600E-8	2,666E-8	2,523E-7	4,693E-8	2,918E+0	1,463E+0
4,963E+3	-2,500E-7	2,915E-8	8,400E-8	1,819E-8	2,637E-7	3,437E-8	2,817E+0	6,931E-1
4,963E+3	-2,000E-7	4,726E-8	3,800E-8	1,855E-8	2,036E-7	5,077E-8	2,954E+0	1,602E+0
4,963E+3	-2,820E-7	6,975E-8	-2,000E-9	5,264E-8	2,820E-7	8,739E-8	-3,135E+0	-8,250E+1
4,964E+3	-1,340E-7	7,625E-8	3,200E-8	7,729E-8	1,378E-7	1,086E-7	2,907E+0	7,214E+0
4,964E+3	-2,260E-7	7,848E-8	9,400E-8	6,470E-8	2,448E-7	1,017E-7	2,747E+0	2,118E+0
4,964E+3	-2,960E-7	2,691E-8	7,400E-8	3,242E-8	3,051E-7	4,213E-8	2,897E+0	1,296E+0
4,964E+3	-2,680E-7	4,698E-8	-1,800E-8	3,967E-8	2,686E-7	6,149E-8	-3,075E+0	-6,798E+0
4,964E+3	-2,020E-7	4,791E-8	4,200E-8	3,210E-8	2,063E-7	5,767E-8	2,937E+0	2,350E+0
4,965E+3	-2,660E-7	2,036E-8	5,600E-8	1,092E-8	2,718E-7	2,310E-8	2,934E+0	6,148E-1
4,965E+3	-2,700E-7	1,500E-8	3,400E-8	1,108E-8	2,721E-7	1,865E-8	3,016E+0	9,968E-1
4,965E+3	-2,460E-7	1,552E-8	1,600E-8	1,406E-8	2,465E-7	2,094E-8	3,077E+0	2,710E+0
4,966E+3	-2,560E-7	1,922E-8	4,200E-8	1,068E-8	2,594E-7	2,198E-8	2,979E+0	7,896E-1
4,966E+3	-2,720E-7	1,474E-8	4,600E-8	1,552E-8	2,759E-7	2,141E-8	2,974E+0	1,017E+0
4,966E+3	-2,460E-7	2,344E-8	2,600E-8	1,194E-8	2,474E-7	2,631E-8	3,036E+0	1,425E+0
4,966E+3	-2,460E-7	2,040E-8	4,600E-8	1,352E-8	2,503E-7	2,447E-8	2,957E+0	9,027E-1
4,966E+3	-2,420E-7	2,115E-8	5,000E-8	1,190E-8	2,471E-7	2,427E-8	2,938E+0	7,450E-1
4,967E+3	-2,060E-7	2,587E-8	4,800E-8	1,060E-8	2,115E-7	2,796E-8	2,913E+0	7,399E-1
4,967E+3	-2,220E-7	5,409E-8	7,200E-8	3,001E-8	2,334E-7	6,186E-8	2,828E+0	1,365E+0
4,967E+3	-2,940E-7	8,146E-8	1,200E-7	8,047E-8	3,175E-7	1,145E-7	2,754E+0	1,998E+0
4,968E+3	-2,540E-7	1,242E-7	-5,000E-8	6,683E-8	2,589E-7	1,410E-7	-2,947E+0	-4,195E+0
4,968E+3	-1,800E-7	4,021E-8	5,600E-8	1,900E-8	1,885E-7	4,447E-8	2,840E+0	1,154E+0
4,968E+3	-2,380E-7	7,785E-8	4,800E-8	7,056E-8	2,428E-7	1,051E-7	2,943E+0	4,432E+0
4,968E+3	-2,320E-7	7,029E-8	-1,800E-8	5,715E-8	2,327E-7	9,059E-8	-3,064E+0	-9,772E+0
4,968E+3	-2,240E-7	6,001E-8	4,400E-8	5,457E-8	2,283E-7	8,111E-8	2,948E+0	3,740E+0
4,969E+3	-1,780E-7	6,929E-8	1,020E-7	5,087E-8	2,052E-7	8,595E-8	2,621E+0	1,658E+0
4,969E+3	-1,700E-7	5,140E-8	4,600E-8	3,148E-8	1,761E-7	6,027E-8	2,877E+0	2,153E+0
4,969E+3	-2,220E-7	4,908E-8	2,400E-8	4,022E-8	2,233E-7	6,346E-8	3,034E+0	5,128E+0
4,970E+3	-2,720E-7	6,929E-8	4,200E-8	5,194E-8	2,752E-7	8,659E-8	2,988E+0	3,773E+0
4,970E+3	-2,660E-7	1,044E-7	5,000E-8	6,506E-8	2,707E-7	1,230E-7	2,956E+0	4,017E+0
4,970E+3	-1,940E-7	8,228E-8	1,740E-7	6,212E-8	2,606E-7	1,031E-7	2,410E+0	1,336E+0
4,970E+3	-2,940E-7	9,918E-8	1,140E-7	7,156E-8	3,153E-7	1,223E-7	2,772E+0	1,975E+0
4,970E+3	-1,680E-7	5,195E-8	2,200E-8	3,453E-8	1,694E-7	6,238E-8	3,011E+0	4,817E+0
4,971E+3	-1,120E-7	3,897E-8	5,200E-8	2,441E-8	1,235E-7	4,599E-8	2,707E+0	1,582E+0
4,971E+3	-2,500E-7	4,183E-8	-4,000E-9	3,027E-8	2,500E-7	5,163E-8	-3,126E+0	-2,366E+1
4,971E+3	-1,360E-7	6,871E-8	3,600E-8	5,216E-8	1,407E-7	8,627E-8	2,883E+0	4,424E+0
4,972E+3	-2,240E-7	4,426E-8	1,000E-8	3,304E-8	2,242E-7	5,524E-8	3,097E+0	1,025E+1
4,972E+3	-2,560E-7	8,393E-8	1,600E-8	5,218E-8	2,565E-7	9,883E-8	3,079E+0	1,009E+1
4,972E+3	-1,660E-7	1,500E-7	-2,740E-7	9,713E-8	3,204E-7	1,787E-7	-2,115E+0	-2,054E+0
4,972E+3	-2,040E-7	4,932E-8	-4,000E-9	4,132E-8	2,040E-7	6,435E-8	-3,122E+0	-3,226E+1
4,972E+3	-1,600E-7	8,372E-8	1,620E-7	8,079E-8	2,277E-7	1,163E-7	2,350E+0	1,699E+0
4,973E+3	-1,820E-7	5,971E-8	1,120E-7	4,935E-8	2,137E-7	7,747E-8	2,590E+0	1,423E+0
4,973E+3	-1,840E-7	5,289E-8	9,600E-8	3,915E-8	2,075E-7	6,581E-8	2,661E+0	1,328E+0
4,973E+3	-2,500E-7	1,046E-7	1,000E-7	1,002E-7	2,693E-7	1,449E-7	2,761E+0	2,999E+0
4,974E+3	-2,600E-7	8,655E-8	-1,600E-8	8,449E-8	2,605E-7	1,210E-7	-3,080E+0	-1,630E+1
4,974E+3	-2,460E-7	4,061E-8	3,400E-8	1,952E-8	2,483E-7	4,506E-8	3,004E+0	1,795E+0
4,974E+3	-2,240E-7	3,137E-8	2,800E-8	2,931E-8	2,257E-7	4,293E-8	3,017E+0	3,186E+0
4,974E+3	-1,380E-7	5,725E-8	-1,400E-8	4,238E-8	1,387E-7	7,123E-8	-3,040E+0	-9,290E+0
4,974E+3	-1,620E-7	8,418E-8	6,200E-8	4,711E-8	1,735E-7	9,646E-8	2,776E+0	2,555E+0
4,975E+3	-2,040E-7	2,515E-8	2,200E-8	1,193E-8	2,052E-7	2,784E-8	3,034E+0	1,687E+0
4,975E+3	-2,080E-7	2,322E-8	2,200E-8	8,206E-9	2,092E-7	2,462E-8	3,036E+0	1,182E+0
4,975E+3	-1,840E-7	3,881E-8	1,000E-8	2,944E-8	1,843E-7	4,871E-8	3,087E+0	9,112E+0
4,976E+3	-2,400E-7	3,617E-8	-4,000E-9	2,178E-8	2,400E-7	4,222E-8	-3,125E+0	-1,702E+1
4,976E+3	-2,140E-7	3,298E-8	3,400E-8	2,135E-8	2,167E-7	3,929E-8	2,984E+0	1,930E+0
4,976E+3	-1,920E-7	3,400E-8	-6,000E-9	2,403E-8	1,921E-7	4,163E-8	-3,110E+0	-1,247E+1
4,976E+3	-1,900E-7	6,874E-8	2,200E-8	5,987E-8	1,913E-7	9,115E-8	3,026E+0	8,308E+0
4,976E+3	-1,860E-7	3,169E-8	1,000E-8	1,323E-8	1,863E-7	3,434E-8	3,088E+0	4,119E+0
4,977E+3	-1,760E-7	3,164E-8	4,400E-8	2,027E-8	1,814E-7	3,758E-8	2,897E+0	1,433E+0
4,977E+3	-1,320E-7	3,882E-8	0,000E+0	2,082E-8	1,320E-7	4,405E-8	3,142E+0	Inf
4,977E+3	-1,800E-7	2,986E-8	2,600E-8	2,551E-8	1,819E-7	3,928E-8	2,998E+0	2,984E+0
4,978E+3	-2,760E-7	3,560E-8	4,000E-8	2,179E-8	2,789E-7	4,175E-8	2,998E+0	1,678E+0
4,978E+3	-1,760E-7	3,676E-8	3,400E-8	1,887E-8	1,793E-7	4,132E-8	2,951E+0	1,750E+0
4,978E+3	-1,820E-7	2,956E-8	2,000E-8	2,533E-8	1,831E-7	3,893E-8	3,032E+0	3,872E+0
4,978E+3	-2,180E-7	3,616E-8	3,200E-8	2,059E-8	2,203E-7	4,161E-8	2,996E+0	1,991E+0
4,978E+3	-2,240E-7	3,798E-8	1,200E-8	2,047E-8	2,243E-7	4,315E-8	3,088E+0	5,294E+0
4,979E+3	-1,600E-7	4,378E-8	4,800E-8	2,606E-8	1,670E-7	5,095E-8	2,850E+0	1,733E+0
4,979E+3	-2,080E-7	3,287E-8	3,800E-8	2,146E-8	2,114E-7	3,926E-8	2,961E+0	1,737E+0
4,979E+3	-1,620E-7	3,205E-8	3,600E-8	2,092E-8	1,660E-7	3,828E-8	2,923E+0	1,794E+0
4,980E+3	-1,980E-7	3,657E-8	2,400E-8	2,201E-8	1,994E-7	4,268E-8	3,021E+0	2,826E+0
4,980E+3	-1,500E-7	4,183E-8	7,200E-8	3,560E-8	1,664E-7	5,493E-8	2,694E+0	1,529E+0
4,980E+3	-1,740E-7	4,350E-8	6,200E-8	2,743E-8	1,847E-7	5,143E-8	2,799E+0	1,423E+0
4,980E+3	-2,000E-7	4,397E-8	-3,600E-8	1,926E-8	2,032E-7	4,800E-8	-2,963E+0	-1,714E+0
4,980E+3	-1,820E-7	4,102E-8	6,000E-9	1,509E-8	1,821E-7	4,370E-8	3,109E+0	7,849E+0
4,981E+3	-1,720E-7	3,731E-8	1,400E-8	2,319E-8	1,726E-7	4,393E-8	3,060E+0	5,112E+0
4,981E+3	-1,780E-7	3,029E-8	5,800E-8	1,795E-8	1,872E-7	3,521E-8	2,827E+0	9,984E-1
4,981E+3	-1,860E-7	3,285E-8	6,600E-8	2,322E-8	1,974E-7	4,023E-8	2,801E+0	1,103E+0
4,982E+3	-2,120E-7	3,689E-8	-1,600E-8	2,155E-8	2,126E-7	4,272E-8	-3,066E+0	-4,164E+0
4,982E+3	-2,040E-7	3,872E-8	3,600E-8	2,319E-8	2,072E-7	4,513E-8	2,967E+0	1,992E+0
4,982E+3	-1,800E-7	4,509E-8	-2,000E-9	3,422E-8	1,800E-7	5,660E-8	-3,130E+0	-5,356E+1
4,982E+3	-1,480E-7	4,721E-8	0,000E+0	3,055E-8	1,480E-7	5,623E-8	3,142E+0	Inf
4,982E+3	-1,500E-7	3,926E-8	-3,400E-8	1,725E-8	1,538E-7	4,289E-8	-2,919E+0	-1,667E+0
4,983E+3	-1,480E-7	3,942E-8	4,600E-8	2,737E-8	1,550E-7	4,799E-8	2,840E+0	1,852E+0
4,983E+3	-1,720E-7	2,631E-8	1,800E-8	1,680E-8	1,729E-7	3,122E-8	3,037E+0	2,873E+0
4,983E+3	-2,200E-7	2,550E-8	-1,200E-8	1,393E-8	2,203E-7	2,905E-8	-3,087E+0	-3,601E+0
4,984E+3	-1,560E-7	2,977E-8	2,800E-8	1,294E-8	1,585E-7	3,246E-8	2,964E+0	1,482E+0
4,984E+3	-1,420E-7	2,897E-8	-1,800E-8	1,800E-8	1,431E-7	3,410E-8	-3,016E+0	-3,078E+0
4,984E+3	-1,840E-7	2,734E-8	2,200E-8	1,003E-8	1,853E-7	2,913E-8	3,023E+0	1,450E+0
4,984E+3	-1,460E-7	3,265E-8	1,800E-8	1,114E-8	1,471E-7	3,450E-8	3,019E+0	1,986E+0
4,984E+3	-1,780E-7	2,663E-8	2,000E-9	1,098E-8	1,780E-7	2,880E-8	3,130E+0	1,720E+1
4,985E+3	-2,000E-7	2,723E-8	2,400E-8	1,447E-8	2,014E-7	3,084E-8	3,022E+0	1,868E+0
4,985E+3	-1,880E-7	2,087E-8	1,600E-8	1,180E-8	1,887E-7	2,398E-8	3,057E+0	2,280E+0
4,985E+3	-2,060E-7	2,713E-8	6,000E-9	1,616E-8	2,061E-7	3,158E-8	3,112E+0	8,391E+0
4,986E+3	-1,160E-7	4,130E-8	-2,000E-9	2,010E-8	1,160E-7	4,593E-8	-3,124E+0	-3,142E+1
4,986E+3	-1,500E-7	3,862E-8	3,800E-8	3,192E-8	1,547E-7	5,011E-8	2,893E+0	2,542E+0
4,986E+3	-1,920E-7	3,613E-8	-2,000E-9	2,263E-8	1,920E-7	4,264E-8	-3,131E+0	-3,544E+1
4,986E+3	-1,380E-7	3,844E-8	6,000E-9	2,438E-8	1,381E-7	4,552E-8	3,098E+0	1,262E+1
4,986E+3	-1,780E-7	4,204E-8	3,400E-8	2,982E-8	1,812E-7	5,154E-8	2,953E+0	2,682E+0
4,987E+3	-1,040E-7	3,718E-8	-2,000E-9	2,590E-8	1,040E-7	4,531E-8	-3,122E+0	-4,045E+1
4,987E+3	-1,680E-7	3,353E-8	9,400E-8	3,734E-8	1,925E-7	5,018E-8	2,631E+0	1,170E+0
4,987E+3	-7,600E-8	3,618E-8	6,000E-9	2,818E-8	7,624E-8	4,587E-8	3,063E+0	1,446E+1
