0	-16777216.000000000	
1	-16772076.000000000	
2	-16773767.000000000	
3	-16744448.000000000	
4	-16729741.000000000	
5	-16760832.000000000	
6	-16742607.000000000	
7	-16695538.000000000	
8	-16657929.000000000	
9	-16700023.000000000	
10	-16757719.000000000	
11	-16764280.000000000	
12	-16761878.000000000	
13	-16743248.000000000	
14	-16736687.000000000	
15	-16743879.000000000	
16	-16723689.000000000	
17	-16724183.000000000	
18	-16748331.000000000	
19	-16734087.000000000	
20	-16680267.000000000	
21	-16629201.000000000	
22	-16598847.000000000	
23	-16512914.000000000	
24	-16390626.000000000	
25	-16315575.000000000	
26	-16232615.000000000	
27	-16139695.000000000	
28	-16029712.000000000	
29	-15881644.000000000	
30	-15751848.000000000	
31	-15626775.000000000	
32	-15537604.000000000	
33	-15401569.000000000	
34	-15222474.000000000	
35	-15066661.000000000	
36	-14901991.000000000	
37	-14756568.000000000	
38	-14611606.000000000	
39	-14444924.000000000	
40	-14288805.000000000	
41	-14130807.000000000	
42	-13974167.000000000	
43	-13833685.000000000	
44	-13709797.000000000	
45	-13637343.000000000	
46	-13563309.000000000	
47	-13513125.000000000	
48	-13449550.000000000	
49	-13355924.000000000	
50	-13307412.000000000	
51	-13276568.000000000	
52	-13193408.000000000	
53	-13103365.000000000	
54	-12979800.000000000	
55	-12831459.000000000	
56	-12688732.000000000	
57	-12577421.000000000	
58	-12459566.000000000	
59	-12358544.000000000	
60	-12255573.000000000	
61	-12106283.000000000	
62	-11977045.000000000	
63	-11884971.000000000	
64	-11855232.000000000	
65	-11923157.000000000	
66	-12106837.000000000	
67	-12403755.000000000	
68	-12745429.000000000	
69	-13112064.000000000	
70	-13470123.000000000	
71	-13768149.000000000	
72	-14004992.000000000	
73	-14185856.000000000	
74	-14332544.000000000	
75	-14435755.000000000	
76	-14515115.000000000	
77	-14588501.000000000	
78	-14642261.000000000	
79	-14674304.000000000	
80	-14713259.000000000	
81	-14725163.000000000	
82	-14755157.000000000	
83	-14793685.000000000	
84	-14846165.000000000	
85	-14935467.000000000	
86	-15019263.000000000	
87	-15095593.000000000	
88	-15168512.000000000	
89	-15231531.000000000	
90	-15293995.000000000	
91	-15347072.000000000	
92	-15380352.000000000	
93	-15398997.000000000	
94	-15436160.000000000	
95	-15480960.000000000	
96	-15500203.000000000	
97	-15511253.000000000	
98	-15541973.000000000	
99	-15571243.000000000	
100	-15602005.000000000	
101	-15615744.000000000	
102	-15603498.000000000	
103	-15615957.000000000	
104	-15635285.000000000	
105	-15626368.000000000	
106	-15603840.000000000	
107	-15599488.000000000	
108	-15619539.000000000	
109	-15634045.000000000	
110	-15621247.000000000	
111	-15610624.000000000	
112	-15595563.000000000	
113	-15586603.000000000	
114	-15564501.000000000	
115	-15518805.000000000	
116	-15474859.000000000	
117	-15415851.000000000	
118	-15385344.000000000	
119	-15387989.000000000	
120	-15371648.000000000	
121	-15339306.000000000	
122	-15284181.000000000	
123	-15202005.000000000	
124	-15108693.000000000	
125	-15021269.000000000	
126	-14990123.000000000	
127	-14974933.000000000	
128	-14907477.000000000	
129	-14840107.000000000	
130	-14806741.000000000	
131	-14792661.000000000	
132	-14789675.000000000	
133	-14796160.000000000	
134	-14788395.000000000	
135	-14757547.000000000	
136	-14690645.000000000	
137	-14608640.000000000	
138	-14532565.000000000	
139	-14431829.000000000	
140	-14301312.000000000	
141	-14128384.000000000	
142	-13960405.000000000	
143	-13796352.000000000	
144	-13589547.000000000	
145	-13409835.000000000	
146	-13272533.000000000	
147	-13162624.000000000	
148	-13123285.000000000	
149	-13182379.000000000	
150	-13322282.000000000	
151	-13586858.000000000	
152	-13929899.000000000	
153	-14300672.000000000	
154	-14654592.000000000	
155	-14953984.000000000	
156	-15220565.000000000	
157	-15424213.000000000	
158	-15579477.000000000	
159	-15704064.000000000	
160	-15787947.000000000	
161	-15850624.000000000	
162	-15862485.000000000	
163	-15875883.000000000	
164	-15889280.000000000	
165	-15939669.000000000	
166	-15952256.000000000	
167	-15961045.000000000	
168	-15978325.000000000	
169	-16004693.000000000	
170	-16041856.000000000	
171	-16088320.000000000	
172	-16149248.000000000	
173	-16214912.000000000	
174	-16277845.000000000	
175	-16336725.000000000	
176	-16399445.000000000	
177	-16437205.000000000	
178	-16441643.000000000	
179	-16470571.000000000	
180	-16509354.000000000	
181	-16526890.000000000	
182	-16526464.000000000	
183	-16536917.000000000	
184	-16554921.000000000	
185	-16569256.000000000	
186	-16583210.000000000	
187	-16586965.000000000	
188	-16595541.000000000	
189	-16609706.000000000	
190	-16619392.000000000	
191	-16623744.000000000	
192	-16624682.000000000	
193	-16611371.000000000	
194	-16604629.000000000	
195	-16616917.000000000	
196	-16622677.000000000	
197	-16616960.000000000	
198	-16601216.000000000	
199	-16600874.000000000	
200	-16606933.000000000	
201	-16589269.000000000	
202	-16579413.000000000	
203	-16563541.000000000	
204	-16524586.000000000	
205	-16497065.000000000	
206	-16498257.000000000	
207	-16495696.000000000	
208	-16472916.000000000	
209	-16430805.000000000	
210	-16400170.000000000	
211	-16372779.000000000	
212	-16326656.000000000	
213	-16281387.000000000	
214	-16222590.000000000	
215	-16161107.000000000	
216	-16099072.000000000	
217	-16061397.000000000	
218	-16042450.000000000	
219	-16036137.000000000	
220	-16035925.000000000	
221	-16053291.000000000	
222	-16056405.000000000	
223	-16059776.000000000	
224	-16050005.000000000	
225	-16033024.000000000	
226	-15996245.000000000	
227	-15932800.000000000	
228	-15850411.000000000	
229	-15763200.000000000	
230	-15648469.000000000	
231	-15519147.000000000	
232	-15367424.000000000	
233	-15216981.000000000	
234	-15007189.000000000	
235	-14754944.000000000	
236	-14539392.000000000	
237	-14381653.000000000	
238	-14256298.000000000	
239	-14198016.000000000	
240	-14225963.000000000	
241	-14380672.000000000	
242	-14635008.000000000	
243	-14944853.000000000	
244	-15268992.000000000	
245	-15591338.000000000	
246	-15883221.000000000	
247	-16115456.000000000	
248	-16301312.000000000	
249	-16431999.000000000	
250	-16502100.000000000	
251	-16563370.000000000	
252	-16617514.000000000	
253	-16631125.000000000	
254	-16634752.000000000	
255	-16642517.000000000	
256	-16641664.000000000	
257	-16640469.000000000	
258	-16635264.000000000	
259	-16637184.000000000	
260	-16629163.000000000	
261	-16620117.000000000	
262	-16645205.000000000	
263	-16679168.000000000	
264	-16707797.000000000	
265	-16725672.000000000	
266	-16736380.000000000	
267	-16737620.000000000	
268	-16737109.000000000	
269	-16743765.000000000	
270	-16745130.000000000	
271	-16743253.000000000	
272	-16750037.000000000	
273	-16758399.000000000	
274	-16755950.000000000	
275	-16759491.000000000	
276	-16760489.000000000	
277	-16760107.000000000	
278	-16758955.000000000	
279	-16761515.000000000	
280	-16768427.000000000	
281	-16771797.000000000	
282	-16771243.000000000	
283	-16769664.000000000	
284	-16763904.000000000	
285	-16754133.000000000	
286	-16745045.000000000	
287	-16752298.000000000	
288	-16761940.000000000	
289	-16768896.000000000	
290	-16767871.000000000	
291	-16759594.000000000	
292	-16764714.000000000	
293	-16770688.000000000	
294	-16771115.000000000	
295	-16771541.000000000	
296	-16766251.000000000	
297	-16760533.000000000	
298	-16756138.000000000	
299	-16758528.000000000	
300	-16762197.000000000	
301	-16746410.000000000	
302	-16732544.000000000	
303	-16747221.000000000	
304	-16758143.000000000	
305	-16749568.000000000	
306	-16749824.000000000	
307	-16750335.000000000	
308	-16735189.000000000	
309	-16724821.000000000	
310	-16721280.000000000	
311	-16706517.000000000	
312	-16673067.000000000	
313	-16659456.000000000	
314	-16645504.000000000	
315	-16636117.000000000	
316	-16635093.000000000	
317	-16638847.000000000	
318	-16639061.000000000	
319	-16643072.000000000	
320	-16644480.000000000	
321	-16655828.000000000	
322	-16664318.000000000	
323	-16651049.000000000	
324	-16629418.000000000	
325	-16602112.000000000	
326	-16551936.000000000	
327	-16488917.000000000	
328	-16434730.000000000	
329	-16360533.000000000	
330	-16245461.000000000	
331	-16094421.000000000	
332	-15944875.000000000	
333	-15773269.000000000	
334	-15545301.000000000	
335	-15284267.000000000	
336	-15074005.000000000	
337	-14931157.000000000	
338	-14846421.000000000	
339	-14867925.000000000	
340	-14981461.000000000	
341	-15137920.000000000	
342	-15361579.000000000	
343	-15640107.000000000	
344	-15924437.000000000	
345	-16194859.000000000	
346	-16403328.000000000	
347	-16570965.000000000	
348	-16681472.000000000	
349	-16737408.000000000	
350	-16754347.000000000	
351	-16757931.000000000	
352	-16764971.000000000	
353	-16759755.000000000	
354	-16747079.000000000	
355	-16742951.000000000	
356	-16750208.000000000	
357	-16757332.000000000	
358	-16762751.000000000	
359	-16763520.000000000	
360	-16761344.000000000	
361	-16751957.000000000	
362	-16736554.000000000	
363	-16736895.000000000	
364	-16744404.000000000	
365	-16748826.000000000	
366	-16757914.000000000	
367	-16758821.000000000	
368	-16750208.000000000	
369	-16740096.000000000	
370	-16756395.000000000	
371	-16772139.000000000	
372	-16773248.000000000	
373	-16772224.000000000	
374	-16768683.000000000	
375	-16771072.000000000	
376	-16774187.000000000	
377	-16772096.000000000	
378	-16766080.000000000	
379	-16764885.000000000	
380	-16765312.000000000	
381	-16766293.000000000	
382	-16768170.000000000	
383	-16767701.000000000	
384	-16767061.000000000	
385	-16768128.000000000	
386	-16767658.000000000	
387	-16771797.000000000	
388	-16774698.000000000	
389	-16774699.000000000	
390	-16772139.000000000	
391	-16768896.000000000	
392	-16769195.000000000	
393	-16772779.000000000	
394	-16770432.000000000	
395	-16766549.000000000	
396	-16771371.000000000	
397	-16775594.000000000	
398	-16769749.000000000	
399	-16759594.000000000	
400	-16759765.000000000	
401	-16770261.000000000	
402	-16771840.000000000	
403	-16767573.000000000	
404	-16767659.000000000	
405	-16768128.000000000	
406	-16766037.000000000	
407	-16761557.000000000	
408	-16766080.000000000	
409	-16771840.000000000	
410	-16767061.000000000	
411	-16758528.000000000	
412	-16759850.000000000	
413	-16763732.000000000	
414	-16766933.000000000	
415	-16766635.000000000	
416	-16761387.000000000	
417	-16752384.000000000	
418	-16742528.000000000	
419	-16740395.000000000	
420	-16746368.000000000	
421	-16750123.000000000	
422	-16752469.000000000	
423	-16750123.000000000	
424	-16748629.000000000	
425	-16744789.000000000	
426	-16742016.000000000	
427	-16738517.000000000	
428	-16744448.000000000	
429	-16748287.000000000	
430	-16747947.000000000	
431	-16749013.000000000	
432	-16752469.000000000	
433	-16755285.000000000	
434	-16752171.000000000	
435	-16749184.000000000	
436	-16740608.000000000	
437	-16724437.000000000	
438	-16708395.000000000	
439	-16684885.000000000	
440	-16662229.000000000	
441	-16596693.000000000	
442	-16467712.000000000	
443	-16303872.000000000	
444	-16107563.000000000	
445	-15905536.000000000	
446	-15719893.000000000	
447	-15540693.000000000	
448	-15416149.000000000	
449	-15347797.000000000	
450	-15316736.000000000	
451	-15361066.000000000	
452	-15469056.000000000	
453	-15609813.000000000	
454	-15813205.000000000	
455	-16048554.000000000	
456	-16268415.000000000	
457	-16463444.000000000	
458	-16613162.000000000	
459	-16699562.000000000	
460	-16733780.000000000	
461	-16753705.000000000	
462	-16760575.000000000	
463	-16719744.000000000	
464	-16718165.000000000	
465	-16726912.000000000	
466	-16760192.000000000	
467	-16764159.000000000	
468	-16766975.000000000	
469	-16764330.000000000	
470	-16763561.000000000	
471	-16763007.000000000	
472	-16765908.000000000	
473	-16768297.000000000	
474	-16769536.000000000	
475	-16767829.000000000	
476	-16759338.000000000	
477	-16757034.000000000	
478	-16763563.000000000	
479	-16767019.000000000	
480	-16764331.000000000	
481	-16766080.000000000	
482	-16769365.000000000	
483	-16766933.000000000	
484	-16765738.000000000	
485	-16767870.000000000	
486	-16768593.000000000	
487	-16768254.000000000	
488	-16766293.000000000	
489	-16758485.000000000	
490	-16759979.000000000	
491	-16768000.000000000	
492	-16770090.000000000	
493	-16769152.000000000	
494	-16765568.000000000	
495	-16769664.000000000	
496	-16769109.000000000	
497	-16761515.000000000	
498	-16764459.000000000	
499	-16771540.000000000	
500	-16773160.000000000	
501	-16773418.000000000	
502	-16772779.000000000	
503	-16770048.000000000	
504	-16772309.000000000	
505	-16771072.000000000	
506	-16764331.000000000	
507	-16768725.000000000	
508	-16770901.000000000	
509	-16772010.000000000	
510	-16771540.000000000	
511	-16771625.000000000	
512	-16769578.000000000	
513	-16765781.000000000	
514	-16760261.000000000	
515	-16760810.000000000	
516	-16766032.000000000	
517	-16770731.000000000	
518	-16773333.000000000	
519	-16772181.000000000	
520	-16772395.000000000	
521	-16774315.000000000	
522	-16773247.000000000	
523	-16771881.000000000	
524	-16770602.000000000	
525	-16771413.000000000	
526	-16769451.000000000	
527	-16772864.000000000	
528	-16769408.000000000	
529	-16765478.000000000	
530	-16771877.000000000	
531	-16772308.000000000	
532	-16764800.000000000	
533	-16762622.000000000	
534	-16769064.000000000	
535	-16773076.000000000	
536	-16769448.000000000	
537	-16765565.000000000	
538	-16763732.000000000	
539	-16738986.000000000	
540	-16734122.000000000	
541	-16740096.000000000	
542	-16763904.000000000	
543	-16765696.000000000	
544	-16762240.000000000	
545	-16758613.000000000	
546	-16762965.000000000	
547	-16766976.000000000	
548	-16763434.000000000	
549	-16762624.000000000	
550	-16766763.000000000	
551	-16769152.000000000	
552	-16769493.000000000	
553	-16766848.000000000	
554	-16765995.000000000	
555	-16768640.000000000	
556	-16769408.000000000	
557	-16765312.000000000	
558	-16768084.000000000	
559	-16764542.000000000	
560	-16755456.000000000	
561	-16752213.000000000	
562	-16759893.000000000	
563	-16765183.000000000	
564	-16762325.000000000	
565	-16755755.000000000	
566	-16759851.000000000	
567	-16760320.000000000	
568	-16752768.000000000	
569	-16732501.000000000	
570	-16698026.000000000	
571	-16661035.000000000	
572	-16595157.000000000	
573	-16479744.000000000	
574	-16357290.000000000	
575	-16249898.000000000	
576	-16154794.000000000	
577	-16080853.000000000	
578	-16042155.000000000	
579	-16046421.000000000	
580	-16116778.000000000	
581	-16198143.000000000	
582	-16267476.000000000	
583	-16378281.000000000	
584	-16510549.000000000	
585	-16612906.000000000	
586	-16681812.000000000	
587	-16723242.000000000	
588	-16742271.000000000	
589	-16755456.000000000	
590	-16765483.000000000	
591	-16765824.000000000	
592	-16766378.000000000	
593	-16769365.000000000	
594	-16770474.000000000	
595	-16770858.000000000	
596	-16762368.000000000	
597	-16761386.000000000	
598	-16769493.000000000	
599	-16772651.000000000	
600	-16769451.000000000	
601	-16763520.000000000	
602	-16765312.000000000	
603	-16767786.000000000	
604	-16762154.000000000	
605	-16766080.000000000	
606	-16766251.000000000	
607	-16768512.000000000	
608	-16770346.000000000	
609	-16767059.000000000	
610	-16764500.000000000	
611	-16763605.000000000	
612	-16765696.000000000	
613	-16762667.000000000	
614	-16750293.000000000	
615	-16752896.000000000	
616	-16768042.000000000	
617	-16771499.000000000	
618	-16757248.000000000	
619	-16747392.000000000	
620	-16758699.000000000	
621	-16770090.000000000	
622	-16774186.000000000	
623	-16776149.000000000	
624	-16774996.000000000	
625	-16770004.000000000	
626	-16766762.000000000	
627	-16767914.000000000	
628	-16767829.000000000	
629	-16763264.000000000	
630	-16766378.000000000	
631	-16771029.000000000	
632	-16772949.000000000	
633	-16775423.000000000	
634	-16775039.000000000	
635	-16771965.000000000	
636	-16767868.000000000	
637	-16772351.000000000	
638	-16775936.000000000	
639	-16775210.000000000	
640	-16773760.000000000	
641	-16772308.000000000	
642	-16769236.000000000	
643	-16768811.000000000	
644	-16771584.000000000	
645	-16771582.000000000	
646	-16767315.000000000	
647	-16766719.000000000	
648	-16768085.000000000	
649	-16769877.000000000	
650	-16775424.000000000	
651	-16774357.000000000	
652	-16769962.000000000	
653	-16773162.000000000	
654	-16774528.000000000	
655	-16768085.000000000	
656	-16766165.000000000	
657	-16771499.000000000	
658	-16765781.000000000	
659	-16760021.000000000	
660	-16768768.000000000	
661	-16772096.000000000	
662	-16771754.000000000	
663	-16773760.000000000	
664	-16769491.000000000	
665	-16767998.000000000	
666	-16771882.000000000	
667	-16775381.000000000	
668	-16773589.000000000	
669	-16773120.000000000	
670	-16773035.000000000	
671	-16770858.000000000	
672	-16768426.000000000	
673	-16770304.000000000	
674	-16771115.000000000	
675	-16770859.000000000	
676	-16770560.000000000	
677	-16772650.000000000	
678	-16774612.000000000	
679	-16774143.000000000	
680	-16774910.000000000	
681	-16772819.000000000	
682	-16769192.000000000	
683	-16768552.000000000	
684	-16766079.000000000	
685	-16766976.000000000	
686	-16770346.000000000	
687	-16772735.000000000	
688	-16773120.000000000	
689	-16772139.000000000	
690	-16768597.000000000	
691	-16762026.000000000	
692	-16758827.000000000	
693	-16764022.000000000	
694	-16768257.000000000	
695	-16763121.000000000	
696	-16756513.000000000	
697	-16757262.000000000	
698	-16754866.000000000	
699	-16752893.000000000	
700	-16762270.000000000	
701	-16768598.000000000	
702	-16773538.000000000	
703	-16766371.000000000	
704	-16761311.000000000	
705	-16761794.000000000	
706	-16754518.000000000	
707	-16757544.000000000	
708	-16770089.000000000	
709	-16773598.000000000	
710	-16766293.000000000	
711	-16750753.000000000	
712	-16754374.000000000	
713	-16764422.000000000	
714	-16772128.000000000	
715	-16769453.000000000	
716	-16769095.000000000	
717	-16774168.000000000	
718	-16776022.000000000	
719	-16777216.000000000	
720	-16776582.000000000	
721	-16768146.000000000	
722	-16754359.000000000	
723	-16759845.000000000	
724	-16773779.000000000	
725	-16768707.000000000	
726	-16764303.000000000	
727	-16750800.000000000	
728	-16747751.000000000	
729	-16732030.000000000	
730	-16689987.000000000	
731	-16663931.000000000	
732	-16670157.000000000	
733	-16666410.000000000	
734	-16657090.000000000	
735	-16682277.000000000	
736	-16706245.000000000	
737	-16732314.000000000	
738	-16741276.000000000	
739	-16760737.000000000	
740	-16762924.000000000	
741	-16767253.000000000	
742	-16768752.000000000	
743	-16762771.000000000	
744	-16758747.000000000	
745	-16762092.000000000	
746	-16777216.000000000	
747	-16777216.000000000	
748	-16777216.000000000	
749	-16777216.000000000	
750	-16736738.000000000	
751	-16621759.000000000	
752	-16777216.000000000	
753	NaN	
