0	-14794145.000000000	
1	-14626893.000000000	
2	-14254080.000000000	
3	-13992554.000000000	
4	-13695535.000000000	
5	-13397372.000000000	
6	-13147939.000000000	
7	-13140586.000000000	
8	-13169432.000000000	
9	-13225612.000000000	
10	-13474292.000000000	
11	-13705294.000000000	
12	-13838955.000000000	
13	-13999375.000000000	
14	-14156107.000000000	
15	-14294904.000000000	
16	-14419234.000000000	
17	-14449862.000000000	
18	-14489070.000000000	
19	-14519824.000000000	
20	-14488534.000000000	
21	-14381712.000000000	
22	-14284692.000000000	
23	-14243226.000000000	
24	-14168883.000000000	
25	-14077743.000000000	
26	-13919644.000000000	
27	-13713851.000000000	
28	-13561075.000000000	
29	-13415434.000000000	
30	-13256837.000000000	
31	-13116740.000000000	
32	-12962149.000000000	
33	-12824476.000000000	
34	-12632277.000000000	
35	-12474857.000000000	
36	-12341026.000000000	
37	-12128142.000000000	
38	-11914890.000000000	
39	-11732185.000000000	
40	-11521386.000000000	
41	-11369048.000000000	
42	-11207867.000000000	
43	-10980155.000000000	
44	-10751766.000000000	
45	-10548707.000000000	
46	-10360127.000000000	
47	-10167487.000000000	
48	-9975096.000000000	
49	-9790234.000000000	
50	-9648047.000000000	
51	-9501192.000000000	
52	-9364018.000000000	
53	-9256523.000000000	
54	-9168631.000000000	
55	-9098471.000000000	
56	-9065044.000000000	
57	-9003868.000000000	
58	-8962037.000000000	
59	-8991236.000000000	
60	-9097262.000000000	
61	-9308102.000000000	
62	-9592827.000000000	
63	-9891783.000000000	
64	-10175513.000000000	
65	-10451759.000000000	
66	-10655375.000000000	
67	-10735575.000000000	
68	-10734364.000000000	
69	-10688424.000000000	
70	-10584908.000000000	
71	-10416807.000000000	
72	-10204496.000000000	
73	-9979467.000000000	
74	-9748080.000000000	
75	-9460630.000000000	
76	-9136757.000000000	
77	-8807390.000000000	
78	-8437706.000000000	
79	-8037136.000000000	
80	-7713436.000000000	
81	-7584786.000000000	
82	-7668361.000000000	
83	-7944563.500000000	
84	-8352963.500000000	
85	-8868989.000000000	
86	-9436665.000000000	
87	-9985480.000000000	
88	-10468370.000000000	
89	-10836194.000000000	
90	-11085663.000000000	
91	-11243642.000000000	
92	-11333792.000000000	
93	-11355637.000000000	
94	-11361563.000000000	
95	-11319906.000000000	
96	-11224781.000000000	
97	-11155179.000000000	
98	-11084149.000000000	
99	-10996119.000000000	
100	-10939797.000000000	
101	-10903460.000000000	
102	-10921023.000000000	
103	-11049975.000000000	
104	-11278075.000000000	
105	-11628336.000000000	
106	-12070347.000000000	
107	-12544196.000000000	
108	-13038593.000000000	
109	-13490154.000000000	
110	-13841630.000000000	
111	-14131076.000000000	
112	-14357488.000000000	
113	-14509238.000000000	
114	-14612452.000000000	
115	-14728124.000000000	
116	-14803436.000000000	
117	-14855519.000000000	
118	-14893802.000000000	
119	-14918719.000000000	
120	-14915604.000000000	
121	-14932778.000000000	
122	-14968293.000000000	
123	-14978502.000000000	
124	-14974003.000000000	
125	-14986201.000000000	
126	-14997276.000000000	
127	-14994983.000000000	
128	-14956699.000000000	
129	-14924645.000000000	
130	-14903968.000000000	
131	-14857508.000000000	
132	-14783278.000000000	
133	-14723538.000000000	
134	-14668990.000000000	
135	-14602156.000000000	
136	-14505734.000000000	
137	-14402044.000000000	
138	-14308564.000000000	
139	-14198948.000000000	
140	-14093874.000000000	
141	-13984690.000000000	
142	-13858377.000000000	
143	-13715841.000000000	
144	-13556176.000000000	
145	-13376784.000000000	
146	-13202671.000000000	
147	-13011946.000000000	
148	-12786268.000000000	
149	-12558471.000000000	
150	-12340494.000000000	
151	-12113951.000000000	
152	-11894330.000000000	
153	-11696338.000000000	
154	-11482340.000000000	
155	-11287549.000000000	
156	-11213318.000000000	
157	-11268256.000000000	
158	-11415420.000000000	
159	-11641010.000000000	
160	-11938107.000000000	
161	-12269377.000000000	
162	-12560288.000000000	
163	-12821134.000000000	
164	-13051700.000000000	
165	-13216297.000000000	
166	-13263189.000000000	
167	-13210673.000000000	
168	-13123249.000000000	
169	-13031325.000000000	
170	-12897571.000000000	
171	-12723804.000000000	
172	-12510758.000000000	
173	-12279067.000000000	
174	-11980586.000000000	
175	-11608999.000000000	
176	-11170752.000000000	
177	-10695086.000000000	
178	-10257011.000000000	
179	-9920247.000000000	
180	-9738347.000000000	
181	-9738563.000000000	
182	-9914234.000000000	
183	-10273709.000000000	
184	-10769144.000000000	
185	-11309178.000000000	
186	-11859853.000000000	
187	-12383579.000000000	
188	-12823730.000000000	
189	-13149158.000000000	
190	-13353379.000000000	
191	-13528620.000000000	
192	-13658654.000000000	
193	-13675308.000000000	
194	-13663456.000000000	
195	-13605317.000000000	
196	-13504396.000000000	
197	-13380548.000000000	
198	-13189693.000000000	
199	-13003424.000000000	
200	-12852090.000000000	
201	-12692857.000000000	
202	-12539172.000000000	
203	-12433888.000000000	
204	-12403910.000000000	
205	-12478573.000000000	
206	-12652125.000000000	
207	-12955061.000000000	
208	-13340707.000000000	
209	-13737038.000000000	
210	-14149720.000000000	
211	-14532554.000000000	
212	-14869318.000000000	
213	-15174115.000000000	
214	-15434961.000000000	
215	-15641042.000000000	
216	-15794046.000000000	
217	-15889560.000000000	
218	-15971837.000000000	
219	-16036161.000000000	
220	-16075267.000000000	
221	-16107624.000000000	
222	-16115713.000000000	
223	-16130377.000000000	
224	-16164508.000000000	
225	-16179043.000000000	
226	-16183369.000000000	
227	-16206252.000000000	
228	-16203873.000000000	
229	-16176577.000000000	
230	-16166239.000000000	
231	-16170305.000000000	
232	-16180384.000000000	
233	-16182893.000000000	
234	-16158279.000000000	
235	-16116016.000000000	
236	-16089283.000000000	
237	-16080588.000000000	
238	-16062160.000000000	
239	-15979191.000000000	
240	-15896914.000000000	
241	-15846778.000000000	
242	-15803996.000000000	
243	-15748063.000000000	
244	-15694639.000000000	
245	-15633559.000000000	
246	-15545442.000000000	
247	-15458753.000000000	
248	-15370204.000000000	
249	-15220790.000000000	
250	-15056755.000000000	
251	-14902021.000000000	
252	-14771858.000000000	
253	-14640829.000000000	
254	-14504047.000000000	
255	-14347669.000000000	
256	-14178919.000000000	
257	-13977899.000000000	
258	-13740758.000000000	
259	-13472817.000000000	
260	-13197912.000000000	
261	-12927333.000000000	
262	-12677085.000000000	
263	-12504269.000000000	
264	-12446563.000000000	
265	-12475243.000000000	
266	-12561932.000000000	
267	-12730206.000000000	
268	-12980886.000000000	
269	-13274739.000000000	
270	-13557127.000000000	
271	-13843453.000000000	
272	-14106981.000000000	
273	-14310510.000000000	
274	-14426831.000000000	
275	-14497082.000000000	
276	-14538264.000000000	
277	-14515856.000000000	
278	-14405938.000000000	
279	-14324007.000000000	
280	-14278932.000000000	
281	-14158588.000000000	
282	-14007833.000000000	
283	-13830518.000000000	
284	-13580919.000000000	
285	-13259468.000000000	
286	-12833074.000000000	
287	-12334784.000000000	
288	-11878887.000000000	
289	-11518547.000000000	
290	-11244377.000000000	
291	-11082894.000000000	
292	-11064034.000000000	
293	-11184075.000000000	
294	-11458418.000000000	
295	-11873825.000000000	
296	-12336125.000000000	
297	-12799289.000000000	
298	-13232043.000000000	
299	-13627508.000000000	
300	-14015057.000000000	
301	-14309905.000000000	
302	-14537572.000000000	
303	-14691873.000000000	
304	-14786046.000000000	
305	-14833976.000000000	
306	-14864906.000000000	
307	-14865814.000000000	
308	-14843017.000000000	
309	-14802744.000000000	
310	-14715319.000000000	
311	-14554486.000000000	
312	-14343516.000000000	
313	-14141155.000000000	
314	-13959644.000000000	
315	-13779863.000000000	
316	-13586802.000000000	
317	-13422854.000000000	
318	-13351046.000000000	
319	-13357059.000000000	
320	-13433712.000000000	
321	-13593551.000000000	
322	-13821651.000000000	
323	-14113513.000000000	
324	-14431200.000000000	
325	-14720813.000000000	
326	-15021630.000000000	
327	-15346195.000000000	
328	-15632174.000000000	
329	-15838515.000000000	
330	-16016350.000000000	
331	-16201451.000000000	
332	-16347360.000000000	
333	-16428859.000000000	
334	-16490285.000000000	
335	-16551279.000000000	
336	-16582855.000000000	
337	-16603792.000000000	
338	-16627196.000000000	
339	-16634378.000000000	
340	-16625683.000000000	
341	-16624082.000000000	
342	-16623607.000000000	
343	-16628581.000000000	
344	-16635978.000000000	
345	-16634766.000000000	
346	-16640044.000000000	
347	-16648695.000000000	
348	-16649474.000000000	
349	-16638573.000000000	
350	-16625899.000000000	
351	-16622162.000000000	
352	-16637124.000000000	
353	-16634285.000000000	
354	-16618113.000000000	
355	-16612316.000000000	
356	-16615387.000000000	
357	-16623563.000000000	
358	-16604096.000000000	
359	-16562223.000000000	
360	-16545353.000000000	
361	-16548424.000000000	
362	-16519874.000000000	
363	-16484618.000000000	
364	-16464330.000000000	
365	-16442264.000000000	
366	-16412026.000000000	
367	-16384864.000000000	
368	-16348094.000000000	
369	-16278794.000000000	
370	-16197211.000000000	
371	-16115757.000000000	
372	-16015614.000000000	
373	-15936408.000000000	
374	-15869272.000000000	
375	-15801270.000000000	
376	-15689189.000000000	
377	-15580092.000000000	
378	-15445170.000000000	
379	-15329022.000000000	
380	-15152659.000000000	
381	-14925770.000000000	
382	-14662069.000000000	
383	-14417358.000000000	
384	-14206042.000000000	
385	-14006146.000000000	
386	-13853142.000000000	
387	-13744046.000000000	
388	-13682792.000000000	
389	-13710391.000000000	
390	-13813691.000000000	
391	-13944201.000000000	
392	-14091841.000000000	
393	-14282955.000000000	
394	-14505820.000000000	
395	-14740366.000000000	
396	-14962410.000000000	
397	-15165290.000000000	
398	-15354068.000000000	
399	-15468270.000000000	
400	-15542371.000000000	
401	-15596184.000000000	
402	-15599342.000000000	
403	-15614741.000000000	
404	-15626637.000000000	
405	-15597222.000000000	
406	-15562183.000000000	
407	-15550114.000000000	
408	-15492234.000000000	
409	-15359173.000000000	
410	-15182507.000000000	
411	-14977593.000000000	
412	-14711599.000000000	
413	-14378252.000000000	
414	-14038547.000000000	
415	-13737946.000000000	
416	-13438600.000000000	
417	-13204055.000000000	
418	-13031325.000000000	
419	-12931961.000000000	
420	-12903281.000000000	
421	-12929712.000000000	
422	-13039242.000000000	
423	-13266952.000000000	
424	-13570797.000000000	
425	-13886494.000000000	
426	-14204441.000000000	
427	-14509930.000000000	
428	-14794006.000000000	
429	-15054722.000000000	
430	-15281827.000000000	
431	-15463468.000000000	
432	-15622441.000000000	
433	-15745294.000000000	
434	-15821558.000000000	
435	-15885104.000000000	
436	-15927281.000000000	
437	-15943416.000000000	
438	-15973308.000000000	
439	-15972096.000000000	
440	-15941816.000000000	
441	-15909891.000000000	
442	-15845999.000000000	
443	-15732793.000000000	
444	-15584547.000000000	
445	-15429727.000000000	
446	-15256911.000000000	
447	-15064412.000000000	
448	-14877105.000000000	
449	-14696199.000000000	
450	-14543325.000000000	
451	-14457328.000000000	
452	-14433709.000000000	
453	-14439982.000000000	
454	-14482028.000000000	
455	-14570967.000000000	
456	-14722933.000000000	
457	-14920709.000000000	
458	-15123330.000000000	
459	-15336938.000000000	
460	-15540639.000000000	
461	-15735127.000000000	
462	-15909675.000000000	
463	-16089715.000000000	
464	-16266554.000000000	
465	-16402861.000000000	
466	-16500537.000000000	
467	-16592374.000000000	
468	-16652286.000000000	
469	-16693337.000000000	
470	-16724960.000000000	
471	-16732444.000000000	
472	-16731620.000000000	
473	-16735989.000000000	
474	-16731146.000000000	
475	-16738197.000000000	
476	-16739841.000000000	
477	-16741917.000000000	
478	-16748621.000000000	
479	-16749185.000000000	
480	-16740143.000000000	
481	-16740879.000000000	
482	-16731144.000000000	
483	-16733134.000000000	
484	-16741398.000000000	
485	-16743518.000000000	
486	-16745075.000000000	
487	-16744686.000000000	
488	-16745248.000000000	
489	-16746330.000000000	
490	-16748146.000000000	
491	-16739971.000000000	
492	-16721975.000000000	
493	-16731449.000000000	
494	-16744859.000000000	
495	-16742696.000000000	
496	-16738803.000000000	
497	-16741182.000000000	
498	-16742479.000000000	
499	-16746286.000000000	
500	-16746157.000000000	
501	-16738413.000000000	
502	-16731968.000000000	
503	-16724830.000000000	
504	-16726301.000000000	
505	-16734520.000000000	
506	-16731924.000000000	
507	-16729415.000000000	
508	-16723792.000000000	
509	-16710599.000000000	
510	-16707095.000000000	
511	-16701341.000000000	
512	-16683000.000000000	
513	-16666085.000000000	
514	-16647613.000000000	
515	-16600852.000000000	
516	-16572170.000000000	
517	-16564947.000000000	
518	-16548727.000000000	
519	-16527701.000000000	
520	-16509965.000000000	
521	-16477308.000000000	
522	-16419861.000000000	
523	-16383307.000000000	
524	-16334598.000000000	
525	-16233505.000000000	
526	-16117876.000000000	
527	-16000387.000000000	
528	-15859409.000000000	
529	-15710255.000000000	
530	-15556083.000000000	
531	-15383440.000000000	
532	-15220141.000000000	
533	-15055414.000000000	
534	-14910630.000000000	
535	-14797293.000000000	
536	-14699314.000000000	
537	-14640440.000000000	
538	-14644246.000000000	
539	-14663842.000000000	
540	-14717827.000000000	
541	-14799931.000000000	
542	-14905049.000000000	
543	-15055198.000000000	
544	-15224380.000000000	
545	-15383700.000000000	
546	-15522731.000000000	
547	-15642773.000000000	
548	-15754378.000000000	
549	-15859452.000000000	
550	-15918024.000000000	
551	-15967035.000000000	
552	-16002031.000000000	
553	-16041093.000000000	
554	-16086211.000000000	
555	-16095858.000000000	
556	-16089844.000000000	
557	-16120818.000000000	
558	-16164898.000000000	
559	-16189986.000000000	
560	-16214644.000000000	
561	-16229136.000000000	
562	-16218711.000000000	
563	-16185402.000000000	
564	-16105721.000000000	
565	-15996191.000000000	
566	-15887008.000000000	
567	-15771552.000000000	
568	-15599385.000000000	
569	-15411991.000000000	
570	-15249816.000000000	
571	-15080461.000000000	
572	-14916556.000000000	
573	-14746595.000000000	
574	-14608731.000000000	
575	-14513347.000000000	
576	-14444307.000000000	
577	-14430551.000000000	
578	-14471344.000000000	
579	-14531126.000000000	
580	-14577413.000000000	
581	-14641608.000000000	
582	-14745557.000000000	
583	-14888395.000000000	
584	-15044384.000000000	
585	-15191634.000000000	
586	-15338149.000000000	
587	-15456936.000000000	
588	-15587532.000000000	
589	-15728207.000000000	
590	-15852012.000000000	
591	-15959595.000000000	
592	-16059001.000000000	
593	-16132626.000000000	
594	-16183498.000000000	
595	-16236014.000000000	
596	-16268328.000000000	
597	-16307690.000000000	
598	-16380796.000000000	
599	-16436081.000000000	
600	-16454467.000000000	
601	-16477481.000000000	
602	-16494351.000000000	
603	-16503003.000000000	
604	-16501662.000000000	
605	-16505943.000000000	
606	-16512908.000000000	
607	-16497769.000000000	
608	-16438981.000000000	
609	-16363625.000000000	
610	-16304924.000000000	
611	-16229050.000000000	
612	-16112945.000000000	
613	-15986415.000000000	
614	-15894967.000000000	
615	-15829777.000000000	
616	-15760435.000000000	
617	-15666781.000000000	
618	-15608858.000000000	
619	-15578232.000000000	
620	-15544879.000000000	
621	-15536487.000000000	
622	-15553871.000000000	
623	-15580083.000000000	
624	-15627846.000000000	
625	-15700133.000000000	
626	-15775748.000000000	
627	-15873078.000000000	
628	-15966256.000000000	
629	-16051129.000000000	
630	-16126528.000000000	
631	-16216678.000000000	
632	-16326337.000000000	
633	-16437640.000000000	
634	-16523853.000000000	
635	-16599382.000000000	
636	-16651378.000000000	
637	-16678112.000000000	
638	-16690008.000000000	
639	-16704369.000000000	
640	-16717823.000000000	
641	-16709344.000000000	
642	-16716525.000000000	
643	-16733309.000000000	
644	-16729372.000000000	
645	-16740793.000000000	
646	-16755414.000000000	
647	-16757707.000000000	
648	-16751088.000000000	
649	-16752342.000000000	
650	-16753380.000000000	
651	-16753986.000000000	
652	-16761037.000000000	
653	-16761730.000000000	
654	-16761946.000000000	
655	-16767136.000000000	
656	-16763069.000000000	
657	-16756885.000000000	
658	-16755803.000000000	
659	-16759913.000000000	
660	-16761773.000000000	
661	-16754289.000000000	
662	-16754678.000000000	
663	-16754851.000000000	
664	-16749790.000000000	
665	-16754808.000000000	
666	-16760301.000000000	
667	-16765579.000000000	
668	-16762205.000000000	
669	-16757317.000000000	
670	-16761599.000000000	
671	-16762811.000000000	
672	-16764066.000000000	
673	-16760216.000000000	
674	-16752472.000000000	
675	-16760778.000000000	
676	-16763719.000000000	
677	-16764671.000000000	
678	-16768607.000000000	
679	-16771982.000000000	
680	-16772631.000000000	
681	-16763892.000000000	
682	-16763417.000000000	
683	-16766834.000000000	
684	-16757750.000000000	
685	-16745334.000000000	
686	-16748795.000000000	
687	-16753381.000000000	
688	-16755198.000000000	
689	-16761685.000000000	
690	-16767083.000000000	
691	-16765438.000000000	
692	-16757401.000000000	
693	-16744469.000000000	
694	-16748189.000000000	
695	-16754981.000000000	
696	-16759263.000000000	
697	-16757316.000000000	
698	-16753422.000000000	
699	-16754764.000000000	
700	-16754504.000000000	
701	-16747022.000000000	
702	-16737721.000000000	
703	-16746243.000000000	
704	-16763763.000000000	
705	-16767395.000000000	
706	-16759522.000000000	
707	-16759047.000000000	
708	-16763806.000000000	
709	-16758442.000000000	
710	-16756928.000000000	
711	-16754808.000000000	
712	-16747195.000000000	
713	-16744686.000000000	
714	-16743734.000000000	
715	-16748232.000000000	
716	-16740835.000000000	
717	-16749703.000000000	
718	-16759609.000000000	
719	-16755889.000000000	
720	-16749401.000000000	
721	-16746157.000000000	
722	-16737894.000000000	
723	-16744080.000000000	
724	-16749617.000000000	
725	-16741874.000000000	
726	-16739062.000000000	
727	-16732228.000000000	
728	-16713626.000000000	
729	-16704931.000000000	
730	-16713410.000000000	
731	-16711983.000000000	
732	-16694247.000000000	
733	-16653541.000000000	
734	-16601717.000000000	
735	-16582683.000000000	
736	-16573470.000000000	
737	-16543146.000000000	
738	-16505426.000000000	
739	-16474817.000000000	
740	-16463146.000000000	
741	-16457583.000000000	
742	-16438304.000000000	
743	-16426239.000000000	
744	-16415092.000000000	
745	-16390790.000000000	
746	-16401962.000000000	
747	-16436073.000000000	
748	-16451838.000000000	
749	-16488704.000000000	
750	-16528616.000000000	
751	-16558056.000000000	
752	-16585352.000000000	
753	-16619977.000000000	
754	-16648419.000000000	
755	-16651190.000000000	
756	-16651643.000000000	
757	-16693221.000000000	
758	-16719188.000000000	
759	-16737148.000000000	
760	-16737981.000000000	
761	-16730277.000000000	
762	-16732989.000000000	
763	-16746110.000000000	
764	-16757277.000000000	
765	-16765715.000000000	
766	-16764966.000000000	
767	-16760809.000000000	
768	-16768836.000000000	
769	-16769097.000000000	
770	-16763660.000000000	
771	-16755760.000000000	
772	-16759252.000000000	
773	-16765712.000000000	
774	-16770150.000000000	
775	-16772471.000000000	
776	-16769649.000000000	
777	-16760082.000000000	
778	-16762046.000000000	
779	-16764625.000000000	
780	-16756466.000000000	
781	-16766819.000000000	
782	-16777216.000000000	
783	-16776340.000000000	
784	-16777209.000000000	
785	-16777212.000000000	
786	-16770692.000000000	
787	-16756714.000000000	
788	-16768632.000000000	
789	-16777216.000000000	
790	-16777216.000000000	
791	-16777216.000000000	
792	-16777216.000000000	
793	-16777216.000000000	
794	-16777216.000000000	
795	NaN	
