0	-16767134.000000000	
1	-16777216.000000000	
2	-16773812.000000000	
3	-16774646.000000000	
4	-16775168.000000000	
5	-16740807.000000000	
6	-16710575.000000000	
7	-16684052.000000000	
8	-16642137.000000000	
9	-16623271.000000000	
10	-16598630.000000000	
11	-16565402.000000000	
12	-16552691.000000000	
13	-16475677.000000000	
14	-16409562.000000000	
15	-16329252.000000000	
16	-16298637.000000000	
17	-16292707.000000000	
18	-16232211.000000000	
19	-16215074.000000000	
20	-16221755.000000000	
21	-16233501.000000000	
22	-16239149.000000000	
23	-16210238.000000000	
24	-16185537.000000000	
25	-16172047.000000000	
26	-16113649.000000000	
27	-16072885.000000000	
28	-16023108.000000000	
29	-15965532.000000000	
30	-15882305.000000000	
31	-15814143.000000000	
32	-15768664.000000000	
33	-15690455.000000000	
34	-15631441.000000000	
35	-15556286.000000000	
36	-15444627.000000000	
37	-15362940.000000000	
38	-15278014.000000000	
39	-15183301.000000000	
40	-15130333.000000000	
41	-15097273.000000000	
42	-15028231.000000000	
43	-14954975.000000000	
44	-14882682.000000000	
45	-14829116.000000000	
46	-14745984.000000000	
47	-14659238.000000000	
48	-14612685.000000000	
49	-14577172.000000000	
50	-14487852.000000000	
51	-14396372.000000000	
52	-14338528.000000000	
53	-14262189.000000000	
54	-14160788.000000000	
55	-14075053.000000000	
56	-14007845.000000000	
57	-13936553.000000000	
58	-13905814.000000000	
59	-13862868.000000000	
60	-13771307.000000000	
61	-13704866.000000000	
62	-13604817.000000000	
63	-13507698.000000000	
64	-13482793.000000000	
65	-13465903.000000000	
66	-13485508.000000000	
67	-13559575.000000000	
68	-13633211.000000000	
69	-13695947.000000000	
70	-13787120.000000000	
71	-13911255.000000000	
72	-14054305.000000000	
73	-14200802.000000000	
74	-14360743.000000000	
75	-14500993.000000000	
76	-14611598.000000000	
77	-14717205.000000000	
78	-14810274.000000000	
79	-14859437.000000000	
80	-14874302.000000000	
81	-14870467.000000000	
82	-14861979.000000000	
83	-14886711.000000000	
84	-14890201.000000000	
85	-14875638.000000000	
86	-14868097.000000000	
87	-14856765.000000000	
88	-14848967.000000000	
89	-14840522.000000000	
90	-14836945.000000000	
91	-14842202.000000000	
92	-14857326.000000000	
93	-14884428.000000000	
94	-14882101.000000000	
95	-14848794.000000000	
96	-14845649.000000000	
97	-14824795.000000000	
98	-14772443.000000000	
99	-14722979.000000000	
100	-14684890.000000000	
101	-14664035.000000000	
102	-14599577.000000000	
103	-14559678.000000000	
104	-14533825.000000000	
105	-14551750.000000000	
106	-14571958.000000000	
107	-14637537.000000000	
108	-14693119.000000000	
109	-14760810.000000000	
110	-14868615.000000000	
111	-14993137.000000000	
112	-15133775.000000000	
113	-15292337.000000000	
114	-15437757.000000000	
115	-15589381.000000000	
116	-15735491.000000000	
117	-15849759.000000000	
118	-15943388.000000000	
119	-16033656.000000000	
120	-16107292.000000000	
121	-16153697.000000000	
122	-16177999.000000000	
123	-16186787.000000000	
124	-16186442.000000000	
125	-16203894.000000000	
126	-16227119.000000000	
127	-16243793.000000000	
128	-16257495.000000000	
129	-16262924.000000000	
130	-16248490.000000000	
131	-16241208.000000000	
132	-16244957.000000000	
133	-16222724.000000000	
134	-16197345.000000000	
135	-16183428.000000000	
136	-16174423.000000000	
137	-16147665.000000000	
138	-16126208.000000000	
139	-16107292.000000000	
140	-16058302.000000000	
141	-16019049.000000000	
142	-15994274.000000000	
143	-15918483.000000000	
144	-15822009.000000000	
145	-15761813.000000000	
146	-15704248.000000000	
147	-15636129.000000000	
148	-15559737.000000000	
149	-15487824.000000000	
150	-15420608.000000000	
151	-15337191.000000000	
152	-15265924.000000000	
153	-15225120.000000000	
154	-15175008.000000000	
155	-15152731.000000000	
156	-15162342.000000000	
157	-15198794.000000000	
158	-15259330.000000000	
159	-15328744.000000000	
160	-15425994.000000000	
161	-15540951.000000000	
162	-15652935.000000000	
163	-15770435.000000000	
164	-15901852.000000000	
165	-16016076.000000000	
166	-16112808.000000000	
167	-16189503.000000000	
168	-16261158.000000000	
169	-16295886.000000000	
170	-16306055.000000000	
171	-16317602.000000000	
172	-16311441.000000000	
173	-16291017.000000000	
174	-16279211.000000000	
175	-16251118.000000000	
176	-16231514.000000000	
177	-16205833.000000000	
178	-16170071.000000000	
179	-16148225.000000000	
180	-16132025.000000000	
181	-16137626.000000000	
182	-16168218.000000000	
183	-16169597.000000000	
184	-16140211.000000000	
185	-16148053.000000000	
186	-16160333.000000000	
187	-16147278.000000000	
188	-16130646.000000000	
189	-16118279.000000000	
190	-16082903.000000000	
191	-16053389.000000000	
192	-16022367.000000000	
193	-15965793.000000000	
194	-15900947.000000000	
195	-15857041.000000000	
196	-15820416.000000000	
197	-15783059.000000000	
198	-15758370.000000000	
199	-15742169.000000000	
200	-15739283.000000000	
201	-15770607.000000000	
202	-15844804.000000000	
203	-15924516.000000000	
204	-16005563.000000000	
205	-16102377.000000000	
206	-16212766.000000000	
207	-16323160.000000000	
208	-16450829.000000000	
209	-16560658.000000000	
210	-16620765.000000000	
211	-16663206.000000000	
212	-16707587.000000000	
213	-16733637.000000000	
214	-16740275.000000000	
215	-16742568.000000000	
216	-16746064.000000000	
217	-16744297.000000000	
218	-16739687.000000000	
219	-16749252.000000000	
220	-16757913.000000000	
221	-16761144.000000000	
222	-16760886.000000000	
223	-16757439.000000000	
224	-16748132.000000000	
225	-16734602.000000000	
226	-16726588.000000000	
227	-16731801.000000000	
228	-16751233.000000000	
229	-16757567.000000000	
230	-16742315.000000000	
231	-16732319.000000000	
232	-16738351.000000000	
233	-16748994.000000000	
234	-16750071.000000000	
235	-16741669.000000000	
236	-16720427.000000000	
237	-16699917.000000000	
238	-16696814.000000000	
239	-16689791.000000000	
240	-16653469.000000000	
241	-16599394.000000000	
242	-16569965.000000000	
243	-16551007.000000000	
244	-16510031.000000000	
245	-16450398.000000000	
246	-16404940.000000000	
247	-16352115.000000000	
248	-16260511.000000000	
249	-16177008.000000000	
250	-16123924.000000000	
251	-16068643.000000000	
252	-16024004.000000000	
253	-16011811.000000000	
254	-15999918.000000000	
255	-16004443.000000000	
256	-16040895.000000000	
257	-16084111.000000000	
258	-16140211.000000000	
259	-16207815.000000000	
260	-16308382.000000000	
261	-16430275.000000000	
262	-16516232.000000000	
263	-16589223.000000000	
264	-16653081.000000000	
265	-16696513.000000000	
266	-16706079.000000000	
267	-16709827.000000000	
268	-16727191.000000000	
269	-16738954.000000000	
270	-16731887.000000000	
271	-16722839.000000000	
272	-16718531.000000000	
273	-16715170.000000000	
274	-16705863.000000000	
275	-16686474.000000000	
276	-16670230.000000000	
277	-16663853.000000000	
278	-16668076.000000000	
279	-16675917.000000000	
280	-16676348.000000000	
281	-16668679.000000000	
282	-16663896.000000000	
283	-16674022.000000000	
284	-16688025.000000000	
285	-16702287.000000000	
286	-16696772.000000000	
287	-16683458.000000000	
288	-16684449.000000000	
289	-16695263.000000000	
290	-16689318.000000000	
291	-16676176.000000000	
292	-16658510.000000000	
293	-16619076.000000000	
294	-16576030.000000000	
295	-16543637.000000000	
296	-16504559.000000000	
297	-16448242.000000000	
298	-16391065.000000000	
299	-16335871.000000000	
300	-16291190.000000000	
301	-16240519.000000000	
302	-16203765.000000000	
303	-16215614.000000000	
304	-16258055.000000000	
305	-16323247.000000000	
306	-16384991.000000000	
307	-16441435.000000000	
308	-16522914.000000000	
309	-16610554.000000000	
310	-16690050.000000000	
311	-16734818.000000000	
312	-16753432.000000000	
313	-16761920.000000000	
314	-16761317.000000000	
315	-16762437.000000000	
316	-16768211.000000000	
317	-16766530.000000000	
318	-16764893.000000000	
319	-16762221.000000000	
320	-16766444.000000000	
321	-16768038.000000000	
322	-16765108.000000000	
323	-16762307.000000000	
324	-16761661.000000000	
325	-16762954.000000000	
326	-16762049.000000000	
327	-16765970.000000000	
328	-16771011.000000000	
329	-16772648.000000000	
330	-16769934.000000000	
331	-16765453.000000000	
332	-16764634.000000000	
333	-16769848.000000000	
334	-16768555.000000000	
335	-16763600.000000000	
336	-16771873.000000000	
337	-16771141.000000000	
338	-16760627.000000000	
339	-16757094.000000000	
340	-16756749.000000000	
341	-16766185.000000000	
342	-16768426.000000000	
343	-16759636.000000000	
344	-16757956.000000000	
345	-16752570.000000000	
346	-16746926.000000000	
347	-16745159.000000000	
348	-16751536.000000000	
349	-16753302.000000000	
350	-16738566.000000000	
351	-16724820.000000000	
352	-16715341.000000000	
353	-16708318.000000000	
354	-16701899.000000000	
355	-16675142.000000000	
356	-16627789.000000000	
357	-16590044.000000000	
358	-16539632.000000000	
359	-16468839.000000000	
360	-16405802.000000000	
361	-16362284.000000000	
362	-16312216.000000000	
363	-16280762.000000000	
364	-16284339.000000000	
365	-16304891.000000000	
366	-16348711.000000000	
367	-16418728.000000000	
368	-16506110.000000000	
369	-16578841.000000000	
370	-16632398.000000000	
371	-16689533.000000000	
372	-16726028.000000000	
373	-16740333.000000000	
374	-16753906.000000000	
375	-16760412.000000000	
376	-16763040.000000000	
377	-16757697.000000000	
378	-16751579.000000000	
379	-16749425.000000000	
380	-16755845.000000000	
381	-16745547.000000000	
382	-16732793.000000000	
383	-16739773.000000000	
384	-16737791.000000000	
385	-16734473.000000000	
386	-16746537.000000000	
387	-16754121.000000000	
388	-16752829.000000000	
389	-16755241.000000000	
390	-16757525.000000000	
391	-16751579.000000000	
392	-16752225.000000000	
393	-16748002.000000000	
394	-16749683.000000000	
395	-16752482.000000000	
396	-16749983.000000000	
397	-16753690.000000000	
398	-16758817.000000000	
399	-16759850.000000000	
400	-16753904.000000000	
401	-16755844.000000000	
402	-16752785.000000000	
403	-16706251.000000000	
404	-16695824.000000000	
405	-16704268.000000000	
406	-16742961.000000000	
407	-16743435.000000000	
408	-16742443.000000000	
409	-16736453.000000000	
410	-16718486.000000000	
411	-16698236.000000000	
412	-16674021.000000000	
413	-16637526.000000000	
414	-16586209.000000000	
415	-16525068.000000000	
416	-16463152.000000000	
417	-16433680.000000000	
418	-16441048.000000000	
419	-16453284.000000000	
420	-16471898.000000000	
421	-16521061.000000000	
422	-16576816.000000000	
423	-16633217.000000000	
424	-16692635.000000000	
425	-16732489.000000000	
426	-16747438.000000000	
427	-16759547.000000000	
428	-16759248.000000000	
429	-16747873.000000000	
430	-16754681.000000000	
431	-16764160.000000000	
432	-16768469.000000000	
433	-16769202.000000000	
434	-16761877.000000000	
435	-16763945.000000000	
436	-16763643.000000000	
437	-16755284.000000000	
438	-16760627.000000000	
439	-16772044.000000000	
440	-16770277.000000000	
441	-16769762.000000000	
442	-16771442.000000000	
443	-16769762.000000000	
444	-16770537.000000000	
445	-16768555.000000000	
446	-16764117.000000000	
447	-16768125.000000000	
448	-16771011.000000000	
449	-16770494.000000000	
450	-16770450.000000000	
451	-16772733.000000000	
452	-16770580.000000000	
453	-16766358.000000000	
454	-16758585.000000000	
455	-16756770.000000000	
456	-16766309.000000000	
457	-16771356.000000000	
458	-16771485.000000000	
459	-16771615.000000000	
460	-16771873.000000000	
461	-16773726.000000000	
462	-16773380.000000000	
463	-16769588.000000000	
464	-16765970.000000000	
465	-16766832.000000000	
466	-16763816.000000000	
467	-16766875.000000000	
468	-16770461.000000000	
469	-16763302.000000000	
470	-16762372.000000000	
471	-16761144.000000000	
472	-16759244.000000000	
473	-16759297.000000000	
474	-16761061.000000000	
475	-16763729.000000000	
476	-16761539.000000000	
477	-16760544.000000000	
478	-16753610.000000000	
479	-16749113.000000000	
480	-16738665.000000000	
481	-16722931.000000000	
482	-16698734.000000000	
483	-16670146.000000000	
484	-16612653.000000000	
485	-16571607.000000000	
486	-16520886.000000000	
487	-16465337.000000000	
488	-16437385.000000000	
489	-16448922.000000000	
490	-16498198.000000000	
491	-16553673.000000000	
492	-16612302.000000000	
493	-16665217.000000000	
494	-16705786.000000000	
495	-16742787.000000000	
496	-16751855.000000000	
497	-16752226.000000000	
498	-16760559.000000000	
499	-16761735.000000000	
500	-16754889.000000000	
501	-16758734.000000000	
502	-16769011.000000000	
503	-16775483.000000000	
504	-16772922.000000000	
505	-16771774.000000000	
506	-16772508.000000000	
507	-16769659.000000000	
508	-16760489.000000000	
509	-16769548.000000000	
510	-16771537.000000000	
511	-16774445.000000000	
512	-16776519.000000000	
513	-16777216.000000000	
514	-16777216.000000000	
515	-16777216.000000000	
516	-16777216.000000000	
517	-16777216.000000000	
518	-16776046.000000000	
519	-16777216.000000000	
520	-16775701.000000000	
521	-16758491.000000000	
522	-16722424.000000000	
523	-16748840.000000000	
524	-16777216.000000000	
525	-16777216.000000000	
526	-16777216.000000000	
527	NaN	
