0	-16702942.000000000	
1	-16725879.000000000	
2	-16702214.000000000	
3	-16608461.000000000	
4	-16604638.000000000	
5	-16660789.000000000	
6	-16713561.000000000	
7	-16704551.000000000	
8	-16653940.000000000	
9	-16644171.000000000	
10	-16650526.000000000	
11	-16654748.000000000	
12	-16646482.000000000	
13	-16642224.000000000	
14	-16621861.000000000	
15	-16593496.000000000	
16	-16537777.000000000	
17	-16489077.000000000	
18	-16428500.000000000	
19	-16337345.000000000	
20	-16217495.000000000	
21	-16097716.000000000	
22	-16003278.000000000	
23	-15915635.000000000	
24	-15823078.000000000	
25	-15795189.000000000	
26	-15766043.000000000	
27	-15726523.000000000	
28	-15672261.000000000	
29	-15636523.000000000	
30	-15589137.000000000	
31	-15504925.000000000	
32	-15437620.000000000	
33	-15394762.000000000	
34	-15364649.000000000	
35	-15325356.000000000	
36	-15272441.000000000	
37	-15187824.000000000	
38	-15150133.000000000	
39	-15139694.000000000	
40	-15084792.000000000	
41	-15044252.000000000	
42	-15031190.000000000	
43	-14998059.000000000	
44	-14961773.000000000	
45	-14938342.000000000	
46	-14924037.000000000	
47	-14898548.000000000	
48	-14881468.000000000	
49	-14881899.000000000	
50	-14874864.000000000	
51	-14859247.000000000	
52	-14852724.000000000	
53	-14826114.000000000	
54	-14778046.000000000	
55	-14745042.000000000	
56	-14706373.000000000	
57	-14665558.000000000	
58	-14637232.000000000	
59	-14584614.000000000	
60	-14522640.000000000	
61	-14488349.000000000	
62	-14502855.000000000	
63	-14563885.000000000	
64	-14621180.000000000	
65	-14647832.000000000	
66	-14674656.000000000	
67	-14670536.000000000	
68	-14656159.000000000	
69	-14651352.000000000	
70	-14617532.000000000	
71	-14546975.000000000	
72	-14456589.000000000	
73	-14341397.000000000	
74	-14198437.000000000	
75	-14072000.000000000	
76	-13975348.000000000	
77	-13862130.000000000	
78	-13743633.000000000	
79	-13649771.000000000	
80	-13533248.000000000	
81	-13367370.000000000	
82	-13192693.000000000	
83	-13034368.000000000	
84	-12980119.000000000	
85	-13063295.000000000	
86	-13239731.000000000	
87	-13503549.000000000	
88	-13866851.000000000	
89	-14231183.000000000	
90	-14489035.000000000	
91	-14748518.000000000	
92	-14960362.000000000	
93	-15156326.000000000	
94	-15292892.000000000	
95	-15418556.000000000	
96	-15488985.000000000	
97	-15537225.000000000	
98	-15603018.000000000	
99	-15655035.000000000	
100	-15666366.000000000	
101	-15675207.000000000	
102	-15691730.000000000	
103	-15717181.000000000	
104	-15729455.000000000	
105	-15719026.000000000	
106	-15708640.000000000	
107	-15700529.000000000	
108	-15707395.000000000	
109	-15758039.000000000	
110	-15821601.000000000	
111	-15891858.000000000	
112	-15972800.000000000	
113	-16058378.000000000	
114	-16134345.000000000	
115	-16187607.000000000	
116	-16231598.000000000	
117	-16257606.000000000	
118	-16277348.000000000	
119	-16317863.000000000	
120	-16371983.000000000	
121	-16399923.000000000	
122	-16410738.000000000	
123	-16406017.000000000	
124	-16396618.000000000	
125	-16411339.000000000	
126	-16432068.000000000	
127	-16440824.000000000	
128	-16426317.000000000	
129	-16410867.000000000	
130	-16409880.000000000	
131	-16409579.000000000	
132	-16402240.000000000	
133	-16393485.000000000	
134	-16372884.000000000	
135	-16333400.000000000	
136	-16308464.000000000	
137	-16309623.000000000	
138	-16302498.000000000	
139	-16274729.000000000	
140	-16251038.000000000	
141	-16232666.000000000	
142	-16210476.000000000	
143	-16186489.000000000	
144	-16170096.000000000	
145	-16141727.000000000	
146	-16088766.000000000	
147	-16048938.000000000	
148	-16007651.000000000	
149	-15967866.000000000	
150	-15961600.000000000	
151	-15964643.000000000	
152	-15975458.000000000	
153	-16004732.000000000	
154	-16029797.000000000	
155	-16036277.000000000	
156	-16058809.000000000	
157	-16075934.000000000	
158	-16067264.000000000	
159	-16051857.000000000	
160	-16039839.000000000	
161	-15994604.000000000	
162	-15904819.000000000	
163	-15808210.000000000	
164	-15705507.000000000	
165	-15589585.000000000	
166	-15475981.000000000	
167	-15389372.000000000	
168	-15290660.000000000	
169	-15157099.000000000	
170	-14993324.000000000	
171	-14804527.000000000	
172	-14583541.000000000	
173	-14357320.000000000	
174	-14148695.000000000	
175	-14027493.000000000	
176	-14051613.000000000	
177	-14224745.000000000	
178	-14480193.000000000	
179	-14780234.000000000	
180	-15116327.000000000	
181	-15447397.000000000	
182	-15743747.000000000	
183	-15953102.000000000	
184	-16093916.000000000	
185	-16214645.000000000	
186	-16311940.000000000	
187	-16399408.000000000	
188	-16468592.000000000	
189	-16518634.000000000	
190	-16552668.000000000	
191	-16553570.000000000	
192	-16568333.000000000	
193	-16587861.000000000	
194	-16597131.000000000	
195	-16599878.000000000	
196	-16597947.000000000	
197	-16587088.000000000	
198	-16572754.000000000	
199	-16540951.000000000	
200	-16509490.000000000	
201	-16514940.000000000	
202	-16544642.000000000	
203	-16560265.000000000	
204	-16584068.000000000	
205	-16630333.000000000	
206	-16677603.000000000	
207	-16713525.000000000	
208	-16730263.000000000	
209	-16733826.000000000	
210	-16741594.000000000	
211	-16747903.000000000	
212	-16756401.000000000	
213	-16759233.000000000	
214	-16756143.000000000	
215	-16750907.000000000	
216	-16748418.000000000	
217	-16752109.000000000	
218	-16757946.000000000	
219	-16759748.000000000	
220	-16756487.000000000	
221	-16751937.000000000	
222	-16749189.000000000	
223	-16751764.000000000	
224	-16759190.000000000	
225	-16763439.000000000	
226	-16760864.000000000	
227	-16758847.000000000	
228	-16760134.000000000	
229	-16759662.000000000	
230	-16757731.000000000	
231	-16748332.000000000	
232	-16751208.000000000	
233	-16742109.000000000	
234	-16737002.000000000	
235	-16746444.000000000	
236	-16744384.000000000	
237	-16729405.000000000	
238	-16730263.000000000	
239	-16727130.000000000	
240	-16721508.000000000	
241	-16710693.000000000	
242	-16681208.000000000	
243	-16655028.000000000	
244	-16627775.000000000	
245	-16582754.000000000	
246	-16555329.000000000	
247	-16541853.000000000	
248	-16538248.000000000	
249	-16553655.000000000	
250	-16574642.000000000	
251	-16597003.000000000	
252	-16618977.000000000	
253	-16637260.000000000	
254	-16644813.000000000	
255	-16653266.000000000	
256	-16650218.000000000	
257	-16644041.000000000	
258	-16646358.000000000	
259	-16643440.000000000	
260	-16613397.000000000	
261	-16545029.000000000	
262	-16484943.000000000	
263	-16422025.000000000	
264	-16354214.000000000	
265	-16282498.000000000	
266	-16214645.000000000	
267	-16144517.000000000	
268	-16049067.000000000	
269	-15901128.000000000	
270	-15682589.000000000	
271	-15419887.000000000	
272	-15180618.000000000	
273	-14973409.000000000	
274	-14792724.000000000	
275	-14701652.000000000	
276	-14702124.000000000	
277	-14808990.000000000	
278	-15030748.000000000	
279	-15315124.000000000	
280	-15609971.000000000	
281	-15879025.000000000	
282	-16117564.000000000	
283	-16330309.000000000	
284	-16498625.000000000	
285	-16615704.000000000	
286	-16695325.000000000	
287	-16725929.000000000	
288	-16735156.000000000	
289	-16744255.000000000	
290	-16752624.000000000	
291	-16757688.000000000	
292	-16763525.000000000	
293	-16762109.000000000	
294	-16760862.000000000	
295	-16760217.000000000	
296	-16758331.000000000	
297	-16748718.000000000	
298	-16735971.000000000	
299	-16730435.000000000	
300	-16734083.000000000	
301	-16739748.000000000	
302	-16737560.000000000	
303	-16725800.000000000	
304	-16725028.000000000	
305	-16725156.000000000	
306	-16724942.000000000	
307	-16739920.000000000	
308	-16758289.000000000	
309	-16761765.000000000	
310	-16752495.000000000	
311	-16749791.000000000	
312	-16762409.000000000	
313	-16767259.000000000	
314	-16767731.000000000	
315	-16769834.000000000	
316	-16764040.000000000	
317	-16762366.000000000	
318	-16763010.000000000	
319	-16763868.000000000	
320	-16769533.000000000	
321	-16773740.000000000	
322	-16773224.000000000	
323	-16773310.000000000	
324	-16773096.000000000	
325	-16771250.000000000	
326	-16763783.000000000	
327	-16756229.000000000	
328	-16763997.000000000	
329	-16769276.000000000	
330	-16767817.000000000	
331	-16769362.000000000	
332	-16770263.000000000	
333	-16772280.000000000	
334	-16769877.000000000	
335	-16760521.000000000	
336	-16764040.000000000	
337	-16765585.000000000	
338	-16766229.000000000	
339	-16761851.000000000	
340	-16761594.000000000	
341	-16762624.000000000	
342	-16759620.000000000	
343	-16759018.000000000	
344	-16760649.000000000	
345	-16764383.000000000	
346	-16763225.000000000	
347	-16759877.000000000	
348	-16764212.000000000	
349	-16758418.000000000	
350	-16743954.000000000	
351	-16740135.000000000	
352	-16741036.000000000	
353	-16739834.000000000	
354	-16726959.000000000	
355	-16723268.000000000	
356	-16729577.000000000	
357	-16724470.000000000	
358	-16737860.000000000	
359	-16744341.000000000	
360	-16735714.000000000	
361	-16738461.000000000	
362	-16750478.000000000	
363	-16755585.000000000	
364	-16761293.000000000	
365	-16765842.000000000	
366	-16766100.000000000	
367	-16761980.000000000	
368	-16749791.000000000	
369	-16746444.000000000	
370	-16754899.000000000	
371	-16737345.000000000	
372	-16705371.000000000	
373	-16695800.000000000	
374	-16681380.000000000	
375	-16659663.000000000	
376	-16644084.000000000	
377	-16618419.000000000	
378	-16563827.000000000	
379	-16470051.000000000	
380	-16355931.000000000	
381	-16200053.000000000	
382	-15987050.000000000	
383	-15758726.000000000	
384	-15547525.000000000	
385	-15365080.000000000	
386	-15240231.000000000	
387	-15180060.000000000	
388	-15188901.000000000	
389	-15276283.000000000	
390	-15408040.000000000	
391	-15588296.000000000	
392	-15808253.000000000	
393	-16034087.000000000	
394	-16186961.000000000	
395	-16357948.000000000	
396	-16526445.000000000	
397	-16665457.000000000	
398	-16711422.000000000	
399	-16733955.000000000	
400	-16748246.000000000	
401	-16752881.000000000	
402	-16758074.000000000	
403	-16765198.000000000	
404	-16766271.000000000	
405	-16769748.000000000	
406	-16770648.000000000	
407	-16771463.000000000	
408	-16769876.000000000	
409	-16770649.000000000	
410	-16770864.000000000	
411	-16761250.000000000	
412	-16758547.000000000	
413	-16761723.000000000	
414	-16762753.000000000	
415	-16765585.000000000	
416	-16766615.000000000	
417	-16771550.000000000	
418	-16756957.000000000	
419	-16743265.000000000	
420	-16750477.000000000	
421	-16754082.000000000	
422	-16757128.000000000	
423	-16766743.000000000	
424	-16765370.000000000	
425	-16764169.000000000	
426	-16757774.000000000	
427	-16747989.000000000	
428	-16759834.000000000	
429	-16769920.000000000	
430	-16767044.000000000	
431	-16770993.000000000	
432	-16766315.000000000	
433	-16759662.000000000	
434	-16766700.000000000	
435	-16771678.000000000	
436	-16766958.000000000	
437	-16763740.000000000	
438	-16765928.000000000	
439	-16772237.000000000	
440	-16773611.000000000	
441	-16771465.000000000	
442	-16771894.000000000	
443	-16772151.000000000	
444	-16771207.000000000	
445	-16766399.000000000	
446	-16765583.000000000	
447	-16765654.000000000	
448	-16765096.000000000	
449	-16768621.000000000	
450	-16771121.000000000	
451	-16771464.000000000	
452	-16772538.000000000	
453	-16775242.000000000	
454	-16773997.000000000	
455	-16769448.000000000	
456	-16770606.000000000	
457	-16772195.000000000	
458	-16770092.000000000	
459	-16770864.000000000	
460	-16766615.000000000	
461	-16760993.000000000	
462	-16765798.000000000	
463	-16773390.000000000	
464	-16776137.000000000	
465	-16774511.000000000	
466	-16768203.000000000	
467	-16767860.000000000	
468	-16769789.000000000	
469	-16767514.000000000	
470	-16769705.000000000	
471	-16772108.000000000	
472	-16766958.000000000	
473	-16764554.000000000	
474	-16769189.000000000	
475	-16743740.000000000	
476	-16731937.000000000	
477	-16737989.000000000	
478	-16761593.000000000	
479	-16762623.000000000	
480	-16759920.000000000	
481	-16762495.000000000	
482	-16766572.000000000	
483	-16765285.000000000	
484	-16765199.000000000	
485	-16767302.000000000	
486	-16766787.000000000	
487	-16766571.000000000	
488	-16766613.000000000	
489	-16767602.000000000	
490	-16770521.000000000	
491	-16766873.000000000	
492	-16760950.000000000	
493	-16762881.000000000	
494	-16768246.000000000	
495	-16771851.000000000	
496	-16772323.000000000	
497	-16765971.000000000	
498	-16767430.000000000	
499	-16766572.000000000	
500	-16760778.000000000	
501	-16758847.000000000	
502	-16760693.000000000	
503	-16762409.000000000	
504	-16758890.000000000	
505	-16760950.000000000	
506	-16764040.000000000	
507	-16750649.000000000	
508	-16722409.000000000	
509	-16674255.000000000	
510	-16590650.000000000	
511	-16464557.000000000	
512	-16339708.000000000	
513	-16216748.000000000	
514	-16101856.000000000	
515	-16015376.000000000	
516	-15971256.000000000	
517	-15954003.000000000	
518	-15957607.000000000	
519	-16003443.000000000	
520	-16122584.000000000	
521	-16255073.000000000	
522	-16377820.000000000	
523	-16504643.000000000	
524	-16611638.000000000	
525	-16680951.000000000	
526	-16725671.000000000	
527	-16749405.000000000	
528	-16751422.000000000	
529	-16757903.000000000	
530	-16765885.000000000	
531	-16763954.000000000	
532	-16768031.000000000	
533	-16771508.000000000	
534	-16764169.000000000	
535	-16757474.000000000	
536	-16766314.000000000	
537	-16772709.000000000	
538	-16773996.000000000	
539	-16771935.000000000	
540	-16767001.000000000	
541	-16761250.000000000	
542	-16763139.000000000	
543	-16759834.000000000	
544	-16755070.000000000	
545	-16763954.000000000	
546	-16768418.000000000	
547	-16769705.000000000	
548	-16770478.000000000	
549	-16760263.000000000	
550	-16747431.000000000	
551	-16754169.000000000	
552	-16765371.000000000	
553	-16768631.000000000	
554	-16764554.000000000	
555	-16762152.000000000	
556	-16768332.000000000	
557	-16765757.000000000	
558	-16757859.000000000	
559	-16760391.000000000	
560	-16765584.000000000	
561	-16770864.000000000	
562	-16770735.000000000	
563	-16773567.000000000	
564	-16770734.000000000	
565	-16761379.000000000	
566	-16767517.000000000	
567	-16772109.000000000	
568	-16767259.000000000	
569	-16763523.000000000	
570	-16765840.000000000	
571	-16764125.000000000	
572	-16767989.000000000	
573	-16773868.000000000	
574	-16774212.000000000	
575	-16771550.000000000	
576	-16774553.000000000	
577	-16775756.000000000	
578	-16771379.000000000	
579	-16766358.000000000	
580	-16763568.000000000	
581	-16767474.000000000	
582	-16771506.000000000	
583	-16773909.000000000	
584	-16772795.000000000	
585	-16773139.000000000	
586	-16774555.000000000	
587	-16767645.000000000	
588	-16759534.000000000	
589	-16762538.000000000	
590	-16772753.000000000	
591	-16773997.000000000	
592	-16773096.000000000	
593	-16773096.000000000	
594	-16767988.000000000	
595	-16763611.000000000	
596	-16771722.000000000	
597	-16776100.000000000	
598	-16774469.000000000	
599	-16775199.000000000	
600	-16774297.000000000	
601	-16771206.000000000	
602	-16775197.000000000	
603	-16776700.000000000	
604	-16776529.000000000	
605	-16773954.000000000	
606	-16774426.000000000	
607	-16775585.000000000	
608	-16775070.000000000	
609	-16771593.000000000	
610	-16767087.000000000	
611	-16767559.000000000	
612	-16771979.000000000	
613	-16776141.000000000	
614	-16776870.000000000	
615	-16776314.000000000	
616	-16775113.000000000	
617	-16770949.000000000	
618	-16770520.000000000	
619	-16770434.000000000	
620	-16764770.000000000	
621	-16759620.000000000	
622	-16768760.000000000	
623	-16773781.000000000	
624	-16766186.000000000	
625	-16764941.000000000	
626	-16767517.000000000	
627	-16760006.000000000	
628	-16754555.000000000	
629	-16747474.000000000	
630	-16752881.000000000	
631	-16765328.000000000	
632	-16765328.000000000	
633	-16764383.000000000	
634	-16766400.000000000	
635	-16767989.000000000	
636	-16762109.000000000	
637	-16758031.000000000	
638	-16763268.000000000	
639	-16762452.000000000	
640	-16761637.000000000	
641	-16763997.000000000	
642	-16766315.000000000	
643	-16766272.000000000	
644	-16763611.000000000	
645	-16761680.000000000	
646	-16768246.000000000	
647	-16772452.000000000	
648	-16772710.000000000	
649	-16774727.000000000	
650	-16770263.000000000	
651	-16764169.000000000	
652	-16766787.000000000	
653	-16769019.000000000	
654	-16765711.000000000	
655	-16762963.000000000	
656	-16758846.000000000	
657	-16761336.000000000	
658	-16765971.000000000	
659	-16762581.000000000	
660	-16758418.000000000	
661	-16759019.000000000	
662	-16762796.000000000	
663	-16765156.000000000	
664	-16765328.000000000	
665	-16764856.000000000	
666	-16762023.000000000	
667	-16756916.000000000	
668	-16750907.000000000	
669	-16745027.000000000	
670	-16720650.000000000	
671	-16700478.000000000	
672	-16693697.000000000	
673	-16670092.000000000	
674	-16644170.000000000	
675	-16623011.000000000	
676	-16601380.000000000	
677	-16587604.000000000	
678	-16597260.000000000	
679	-16600908.000000000	
680	-16614213.000000000	
681	-16633569.000000000	
682	-16661379.000000000	
683	-16682924.000000000	
684	-16701722.000000000	
685	-16718504.000000000	
686	-16735671.000000000	
687	-16743568.000000000	
688	-16743954.000000000	
689	-16756186.000000000	
690	-16763224.000000000	
691	-16767814.000000000	
692	-16764166.000000000	
693	-16758031.000000000	
694	-16757173.000000000	
695	-16764813.000000000	
696	-16765414.000000000	
697	-16764297.000000000	
698	-16762494.000000000	
699	-16763568.000000000	
700	-16769147.000000000	
701	-16773954.000000000	
702	-16775242.000000000	
703	-16772151.000000000	
704	-16770777.000000000	
705	-16769018.000000000	
706	-16768546.000000000	
707	-16770564.000000000	
708	-16772152.000000000	
709	-16765414.000000000	
710	-16760134.000000000	
711	-16768289.000000000	
712	-16771937.000000000	
713	-16772710.000000000	
714	-16773096.000000000	
715	-16772194.000000000	
716	-16774678.000000000	
717	-16772530.000000000	
718	-16767128.000000000	
719	-16764941.000000000	
720	-16768160.000000000	
721	-16768632.000000000	
722	-16766571.000000000	
723	-16767044.000000000	
724	-16766401.000000000	
725	-16764426.000000000	
726	-16765971.000000000	
727	-16769662.000000000	
728	-16766830.000000000	
729	-16761980.000000000	
730	-16762323.000000000	
731	-16768718.000000000	
732	-16759620.000000000	
733	-16744727.000000000	
734	-16752796.000000000	
735	-16769920.000000000	
736	-16761250.000000000	
737	-16749233.000000000	
738	-16757002.000000000	
739	-16766615.000000000	
740	-16757559.000000000	
741	-16748718.000000000	
742	-16761293.000000000	
743	-16773783.000000000	
744	-16774898.000000000	
745	-16773954.000000000	
746	-16766873.000000000	
747	-16765328.000000000	
748	-16770135.000000000	
749	-16772624.000000000	
750	-16770049.000000000	
751	-16773396.000000000	
752	-16776315.000000000	
753	-16776099.000000000	
754	-16773138.000000000	
755	-16769362.000000000	
756	-16767645.000000000	
757	-16773139.000000000	
758	-16776873.000000000	
759	-16774598.000000000	
760	-16771722.000000000	
761	-16769104.000000000	
762	-16770434.000000000	
763	-16770478.000000000	
764	-16773053.000000000	
765	-16776315.000000000	
766	-16777044.000000000	
767	-16776872.000000000	
768	-16775377.000000000	
769	-16775384.000000000	
770	-16773111.000000000	
771	-16769763.000000000	
772	-16772552.000000000	
773	-16776195.000000000	
774	-16774929.000000000	
775	-16775690.000000000	
776	-16776799.000000000	
777	-16776789.000000000	
778	-16775356.000000000	
779	-16769087.000000000	
780	-16761681.000000000	
781	-16764688.000000000	
782	-16773815.000000000	
783	-16773093.000000000	
784	-16768469.000000000	
785	-16772847.000000000	
786	-16775433.000000000	
787	-16772486.000000000	
788	-16772105.000000000	
789	-16773219.000000000	
790	-16774563.000000000	
791	-16776245.000000000	
792	-16775788.000000000	
793	-16772067.000000000	
794	-16771944.000000000	
795	-16772379.000000000	
796	-16763434.000000000	
797	-16754299.000000000	
798	-16766112.000000000	
799	-16776758.000000000	
800	-16775160.000000000	
801	-16776704.000000000	
802	-16777216.000000000	
803	-16776637.000000000	
804	-16774582.000000000	
805	-16775882.000000000	
806	-16777216.000000000	
807	-16777216.000000000	
808	-16777216.000000000	
809	-16775303.000000000	
810	-16773724.000000000	
811	-16774766.000000000	
812	-16771161.000000000	
813	-16754236.000000000	
814	-16746034.000000000	
815	-16765489.000000000	
816	-16777216.000000000	
817	-16777216.000000000	
818	-16777216.000000000	
819	NaN	
