0	-14073076.000000000	
1	-14157336.000000000	
2	-14273741.000000000	
3	-14253099.000000000	
4	-14180862.000000000	
5	-14224458.000000000	
6	-14152185.000000000	
7	-13763345.000000000	
8	-13421773.000000000	
9	-13122130.000000000	
10	-12894315.000000000	
11	-12948603.000000000	
12	-13116148.000000000	
13	-13334893.000000000	
14	-13490245.000000000	
15	-13664403.000000000	
16	-13892430.000000000	
17	-14045850.000000000	
18	-14078573.000000000	
19	-14082618.000000000	
20	-14100726.000000000	
21	-14154061.000000000	
22	-14198966.000000000	
23	-14251721.000000000	
24	-14262382.000000000	
25	-14270403.000000000	
26	-14278401.000000000	
27	-14321048.000000000	
28	-14352872.000000000	
29	-14394642.000000000	
30	-14446985.000000000	
31	-14501633.000000000	
32	-14562719.000000000	
33	-14628125.000000000	
34	-14671440.000000000	
35	-14709686.000000000	
36	-14730865.000000000	
37	-14726582.000000000	
38	-14748084.000000000	
39	-14740674.000000000	
40	-14702466.000000000	
41	-14643312.000000000	
42	-14547917.000000000	
43	-14462894.000000000	
44	-14446530.000000000	
45	-14446875.000000000	
46	-14396203.000000000	
47	-14298585.000000000	
48	-14203108.000000000	
49	-14119367.000000000	
50	-14048091.000000000	
51	-14004529.000000000	
52	-13971076.000000000	
53	-13939207.000000000	
54	-13871273.000000000	
55	-13761104.000000000	
56	-13695311.000000000	
57	-13699466.000000000	
58	-13722810.000000000	
59	-13734075.000000000	
60	-13769927.000000000	
61	-13852212.000000000	
62	-13944647.000000000	
63	-14080345.000000000	
64	-14306851.000000000	
65	-14591183.000000000	
66	-14822958.000000000	
67	-14996007.000000000	
68	-15185120.000000000	
69	-15421392.000000000	
70	-15601466.000000000	
71	-15723586.000000000	
72	-15795718.000000000	
73	-15833412.000000000	
74	-15848961.000000000	
75	-15887083.000000000	
76	-15965212.000000000	
77	-16025008.000000000	
78	-16024751.000000000	
79	-16023681.000000000	
80	-16027279.000000000	
81	-16017341.000000000	
82	-15974807.000000000	
83	-15937713.000000000	
84	-15906958.000000000	
85	-15869521.000000000	
86	-15813665.000000000	
87	-15758109.000000000	
88	-15738920.000000000	
89	-15715704.000000000	
90	-15656679.000000000	
91	-15606435.000000000	
92	-15540042.000000000	
93	-15443665.000000000	
94	-15351444.000000000	
95	-15297045.000000000	
96	-15221229.000000000	
97	-15109518.000000000	
98	-15003760.000000000	
99	-14911582.000000000	
100	-14827284.000000000	
101	-14718615.000000000	
102	-14556959.000000000	
103	-14446319.000000000	
104	-14364763.000000000	
105	-14290617.000000000	
106	-14230564.000000000	
107	-14150208.000000000	
108	-14040381.000000000	
109	-13952572.000000000	
110	-13875856.000000000	
111	-13806765.000000000	
112	-13826640.000000000	
113	-13874571.000000000	
114	-13895517.000000000	
115	-13975445.000000000	
116	-14145796.000000000	
117	-14350114.000000000	
118	-14573536.000000000	
119	-14845660.000000000	
120	-15099409.000000000	
121	-15319832.000000000	
122	-15505132.000000000	
123	-15646699.000000000	
124	-15780469.000000000	
125	-15885669.000000000	
126	-15941611.000000000	
127	-15995710.000000000	
128	-16041285.000000000	
129	-16040900.000000000	
130	-16022010.000000000	
131	-16024966.000000000	
132	-16028135.000000000	
133	-16040728.000000000	
134	-16021881.000000000	
135	-15971552.000000000	
136	-15948593.000000000	
137	-15932915.000000000	
138	-15883057.000000000	
139	-15836581.000000000	
140	-15805998.000000000	
141	-15775329.000000000	
142	-15743889.000000000	
143	-15695358.000000000	
144	-15693173.000000000	
145	-15713948.000000000	
146	-15709108.000000000	
147	-15731124.000000000	
148	-15784153.000000000	
149	-15818249.000000000	
150	-15872691.000000000	
151	-15905587.000000000	
152	-15912312.000000000	
153	-15884384.000000000	
154	-15895693.000000000	
155	-15882328.000000000	
156	-15882542.000000000	
157	-15863352.000000000	
158	-15810453.000000000	
159	-15731895.000000000	
160	-15622497.000000000	
161	-15551607.000000000	
162	-15517211.000000000	
163	-15474591.000000000	
164	-15396120.000000000	
165	-15307582.000000000	
166	-15194971.000000000	
167	-15093241.000000000	
168	-15019780.000000000	
169	-14934841.000000000	
170	-14802612.000000000	
171	-14614742.000000000	
172	-14445591.000000000	
173	-14328440.000000000	
174	-14210132.000000000	
175	-14144981.000000000	
176	-14170854.000000000	
177	-14214930.000000000	
178	-14284535.000000000	
179	-14441136.000000000	
180	-14690730.000000000	
181	-14970693.000000000	
182	-15230395.000000000	
183	-15464911.000000000	
184	-15675355.000000000	
185	-15860826.000000000	
186	-16033404.000000000	
187	-16192061.000000000	
188	-16322662.000000000	
189	-16396208.000000000	
190	-16437157.000000000	
191	-16474979.000000000	
192	-16500123.000000000	
193	-16509760.000000000	
194	-16495411.000000000	
195	-16508090.000000000	
196	-16524752.000000000	
197	-16521112.000000000	
198	-16515715.000000000	
199	-16499652.000000000	
200	-16482390.000000000	
201	-16489928.000000000	
202	-16478834.000000000	
203	-16471681.000000000	
204	-16489629.000000000	
205	-16473352.000000000	
206	-16458574.000000000	
207	-16471467.000000000	
208	-16485088.000000000	
209	-16470867.000000000	
210	-16441125.000000000	
211	-16424029.000000000	
212	-16408410.000000000	
213	-16376118.000000000	
214	-16330629.000000000	
215	-16310154.000000000	
216	-16312125.000000000	
217	-16305142.000000000	
218	-16283211.000000000	
219	-16254470.000000000	
220	-16212064.000000000	
221	-16166232.000000000	
222	-16126996.000000000	
223	-16069727.000000000	
224	-16001492.000000000	
225	-15982560.000000000	
226	-15944780.000000000	
227	-15844977.000000000	
228	-15754683.000000000	
229	-15668328.000000000	
230	-15561372.000000000	
231	-15469066.000000000	
232	-15330712.000000000	
233	-15177324.000000000	
234	-15044795.000000000	
235	-14896290.000000000	
236	-14755666.000000000	
237	-14643270.000000000	
238	-14621510.000000000	
239	-14688631.000000000	
240	-14728552.000000000	
241	-14748341.000000000	
242	-14829640.000000000	
243	-15028261.000000000	
244	-15238234.000000000	
245	-15446963.000000000	
246	-15637574.000000000	
247	-15814822.000000000	
248	-15970309.000000000	
249	-16130123.000000000	
250	-16227527.000000000	
251	-16310154.000000000	
252	-16391068.000000000	
253	-16465128.000000000	
254	-16512288.000000000	
255	-16534519.000000000	
256	-16535846.000000000	
257	-16547240.000000000	
258	-16557263.000000000	
259	-16539402.000000000	
260	-16523210.000000000	
261	-16522868.000000000	
262	-16545099.000000000	
263	-16543300.000000000	
264	-16506719.000000000	
265	-16463628.000000000	
266	-16435915.000000000	
267	-16425249.000000000	
268	-16404946.000000000	
269	-16377832.000000000	
270	-16366524.000000000	
271	-16360955.000000000	
272	-16347976.000000000	
273	-16320905.000000000	
274	-16308784.000000000	
275	-16301116.000000000	
276	-16293663.000000000	
277	-16309255.000000000	
278	-16333927.000000000	
279	-16347463.000000000	
280	-16335126.000000000	
281	-16350375.000000000	
282	-16378089.000000000	
283	-16401990.000000000	
284	-16430261.000000000	
285	-16468981.000000000	
286	-16477719.000000000	
287	-16473136.000000000	
288	-16466027.000000000	
289	-16469411.000000000	
290	-16476264.000000000	
291	-16455062.000000000	
292	-16418224.000000000	
293	-16379502.000000000	
294	-16342622.000000000	
295	-16333370.000000000	
296	-16332556.000000000	
297	-16319920.000000000	
298	-16274173.000000000	
299	-16250101.000000000	
300	-16244832.000000000	
301	-16201398.000000000	
302	-16155738.000000000	
303	-16122242.000000000	
304	-16071355.000000000	
305	-15981960.000000000	
306	-15856671.000000000	
307	-15704010.000000000	
308	-15563557.000000000	
309	-15415865.000000000	
310	-15263034.000000000	
311	-15144470.000000000	
312	-15049079.000000000	
313	-14980116.000000000	
314	-14956043.000000000	
315	-14980844.000000000	
316	-15004831.000000000	
317	-15042140.000000000	
318	-15130335.000000000	
319	-15252626.000000000	
320	-15386910.000000000	
321	-15534259.000000000	
322	-15687391.000000000	
323	-15843007.000000000	
324	-15977120.000000000	
325	-16105451.000000000	
326	-16231682.000000000	
327	-16332214.000000000	
328	-16396422.000000000	
329	-16444182.000000000	
330	-16473009.000000000	
331	-16493055.000000000	
332	-16533319.000000000	
333	-16584890.000000000	
334	-16605621.000000000	
335	-16579622.000000000	
336	-16560348.000000000	
337	-16589432.000000000	
338	-16624041.000000000	
339	-16635221.000000000	
340	-16631152.000000000	
341	-16623228.000000000	
342	-16620657.000000000	
343	-16626655.000000000	
344	-16621514.000000000	
345	-16601211.000000000	
346	-16586091.000000000	
347	-16598127.000000000	
348	-16613419.000000000	
349	-16622071.000000000	
350	-16627167.000000000	
351	-16641816.000000000	
352	-16643531.000000000	
353	-16622414.000000000	
354	-16613976.000000000	
355	-16629053.000000000	
356	-16625113.000000000	
357	-16612091.000000000	
358	-16604081.000000000	
359	-16582921.000000000	
360	-16568957.000000000	
361	-16574568.000000000	
362	-16569942.000000000	
363	-16577310.000000000	
364	-16561290.000000000	
365	-16522568.000000000	
366	-16495797.000000000	
367	-16496182.000000000	
368	-16502179.000000000	
369	-16479520.000000000	
370	-16441183.000000000	
371	-16420151.000000000	
372	-16380958.000000000	
373	-16333327.000000000	
374	-16334398.000000000	
375	-16332599.000000000	
376	-16329858.000000000	
377	-16324032.000000000	
378	-16290151.000000000	
379	-16269376.000000000	
380	-16260210.000000000	
381	-16204483.000000000	
382	-16146186.000000000	
383	-16053193.000000000	
384	-15925676.000000000	
385	-15821760.000000000	
386	-15704352.000000000	
387	-15572296.000000000	
388	-15463797.000000000	
389	-15331012.000000000	
390	-15253911.000000000	
391	-15212405.000000000	
392	-15129906.000000000	
393	-15054048.000000000	
394	-15014469.000000000	
395	-15018153.000000000	
396	-15039141.000000000	
397	-15114658.000000000	
398	-15232280.000000000	
399	-15344633.000000000	
400	-15431244.000000000	
401	-15541113.000000000	
402	-15682165.000000000	
403	-15812552.000000000	
404	-15927604.000000000	
405	-16031605.000000000	
406	-16100139.000000000	
407	-16168160.000000000	
408	-16241834.000000000	
409	-16323561.000000000	
410	-16400877.000000000	
411	-16441526.000000000	
412	-16475151.000000000	
413	-16510701.000000000	
414	-16523808.000000000	
415	-16519355.000000000	
416	-16525866.000000000	
417	-16548311.000000000	
418	-16566815.000000000	
419	-16579023.000000000	
420	-16592044.000000000	
421	-16589646.000000000	
422	-16586561.000000000	
423	-16595728.000000000	
424	-16599198.000000000	
425	-16597570.000000000	
426	-16607037.000000000	
427	-16596157.000000000	
428	-16588960.000000000	
429	-16597313.000000000	
430	-16590503.000000000	
431	-16563560.000000000	
432	-16531820.000000000	
433	-16511003.000000000	
434	-16498238.000000000	
435	-16470010.000000000	
436	-16423921.000000000	
437	-16406017.000000000	
438	-16405760.000000000	
439	-16393552.000000000	
440	-16356115.000000000	
441	-16315894.000000000	
442	-16291693.000000000	
443	-16302658.000000000	
444	-16317136.000000000	
445	-16295762.000000000	
446	-16266292.000000000	
447	-16274429.000000000	
448	-16307197.000000000	
449	-16302358.000000000	
450	-16306470.000000000	
451	-16348234.000000000	
452	-16370679.000000000	
453	-16397193.000000000	
454	-16440627.000000000	
455	-16468340.000000000	
456	-16478149.000000000	
457	-16495497.000000000	
458	-16507404.000000000	
459	-16514044.000000000	
460	-16516571.000000000	
461	-16535418.000000000	
462	-16557606.000000000	
463	-16563003.000000000	
464	-16545527.000000000	
465	-16528565.000000000	
466	-16525095.000000000	
467	-16507576.000000000	
468	-16488986.000000000	
469	-16487573.000000000	
470	-16473437.000000000	
471	-16470477.000000000	
472	-16486838.000000000	
473	-16496352.000000000	
474	-16493012.000000000	
475	-16514301.000000000	
476	-16536960.000000000	
477	-16522182.000000000	
478	-16506805.000000000	
479	-16482518.000000000	
480	-16465727.000000000	
481	-16471124.000000000	
482	-16473223.000000000	
483	-16443882.000000000	
484	-16414498.000000000	
485	-16375433.000000000	
486	-16319235.000000000	
487	-16264193.000000000	
488	-16191418.000000000	
489	-16083562.000000000	
490	-16024023.000000000	
491	-15996010.000000000	
492	-15973865.000000000	
493	-15932401.000000000	
494	-15861425.000000000	
495	-15821161.000000000	
496	-15815721.000000000	
497	-15815721.000000000	
498	-15840222.000000000	
499	-15881257.000000000	
500	-15916681.000000000	
501	-15943924.000000000	
502	-15987400.000000000	
503	-16068742.000000000	
504	-16138690.000000000	
505	-16199129.000000000	
506	-16243590.000000000	
507	-16283597.000000000	
508	-16367766.000000000	
509	-16436900.000000000	
510	-16474508.000000000	
511	-16523125.000000000	
512	-16567586.000000000	
513	-16611620.000000000	
514	-16649528.000000000	
515	-16674243.000000000	
516	-16680411.000000000	
517	-16682296.000000000	
518	-16690306.000000000	
519	-16701314.000000000	
520	-16721746.000000000	
521	-16729670.000000000	
522	-16730655.000000000	
523	-16725558.000000000	
524	-16729413.000000000	
525	-16741278.000000000	
526	-16749460.000000000	
527	-16748560.000000000	
528	-16744448.000000000	
529	-16742992.000000000	
530	-16750959.000000000	
531	-16746718.000000000	
532	-16734982.000000000	
533	-16730013.000000000	
534	-16731298.000000000	
535	-16739565.000000000	
536	-16745005.000000000	
537	-16738794.000000000	
538	-16740807.000000000	
539	-16749545.000000000	
540	-16754857.000000000	
541	-16753743.000000000	
542	-16744534.000000000	
543	-16740250.000000000	
544	-16742306.000000000	
545	-16743891.000000000	
546	-16738280.000000000	
547	-16735410.000000000	
548	-16735444.000000000	
549	-16741481.000000000	
550	-16744145.000000000	
551	-16747360.000000000	
552	-16749074.000000000	
553	-16748988.000000000	
554	-16755755.000000000	
555	-16752928.000000000	
556	-16743762.000000000	
557	-16756442.000000000	
558	-16762481.000000000	
559	-16758198.000000000	
560	-16755241.000000000	
561	-16749673.000000000	
562	-16756613.000000000	
563	-16758412.000000000	
564	-16756741.000000000	
565	-16765308.000000000	
566	-16770277.000000000	
567	-16764494.000000000	
568	-16765222.000000000	
569	-16765522.000000000	
570	-16765650.000000000	
571	-16767964.000000000	
572	-16765437.000000000	
573	-16761582.000000000	
574	-16760382.000000000	
575	-16765522.000000000	
576	-16764237.000000000	
577	-16762738.000000000	
578	-16755242.000000000	
579	-16744277.000000000	
580	-16759097.000000000	
581	-16772676.000000000	
582	-16768349.000000000	
583	-16770448.000000000	
584	-16774003.000000000	
585	-16772975.000000000	
586	-16768478.000000000	
587	-16763038.000000000	
588	-16759269.000000000	
589	-16766122.000000000	
590	-16769806.000000000	
591	-16768821.000000000	
592	-16770234.000000000	
593	-16770448.000000000	
594	-16769677.000000000	
595	-16764794.000000000	
596	-16757127.000000000	
597	-16763809.000000000	
598	-16771862.000000000	
599	-16774432.000000000	
600	-16774132.000000000	
601	-16772804.000000000	
602	-16774175.000000000	
603	-16775246.000000000	
604	-16775074.000000000	
605	-16770877.000000000	
606	-16764666.000000000	
607	-16768778.000000000	
608	-16770105.000000000	
609	-16768349.000000000	
610	-16769977.000000000	
611	-16771605.000000000	
612	-16768949.000000000	
613	-16770020.000000000	
614	-16766165.000000000	
615	-16763765.000000000	
616	-16763808.000000000	
617	-16760682.000000000	
618	-16760810.000000000	
619	-16762395.000000000	
620	-16760896.000000000	
621	-16756185.000000000	
622	-16759483.000000000	
623	-16758112.000000000	
624	-16750316.000000000	
625	-16747232.000000000	
626	-16747275.000000000	
627	-16753743.000000000	
628	-16763081.000000000	
629	-16762824.000000000	
630	-16752929.000000000	
631	-16753786.000000000	
632	-16759825.000000000	
633	-16763638.000000000	
634	-16762181.000000000	
635	-16761881.000000000	
636	-16766079.000000000	
637	-16769506.000000000	
638	-16766850.000000000	
639	-16766777.000000000	
640	-16771596.000000000	
641	-16774231.000000000	
642	-16774235.000000000	
643	-16775976.000000000	
644	-16776141.000000000	
645	-16773616.000000000	
646	-16771134.000000000	
647	-16771769.000000000	
648	-16775979.000000000	
649	-16774952.000000000	
650	-16771744.000000000	
651	-16774496.000000000	
652	-16774514.000000000	
653	-16772219.000000000	
654	-16774254.000000000	
655	-16776897.000000000	
656	-16777216.000000000	
657	-16777216.000000000	
658	-16776839.000000000	
659	-16775515.000000000	
660	-16773260.000000000	
661	-16775265.000000000	
662	-16777216.000000000	
663	-16777215.000000000	
664	-16777215.000000000	
665	-16777216.000000000	
666	-16777216.000000000	
667	-16777216.000000000	
668	-16777216.000000000	
669	-16776115.000000000	
670	-16777216.000000000	
671	-16777216.000000000	
672	-16774896.000000000	
673	-16777216.000000000	
674	-16777216.000000000	
675	NaN	
