0	-16777216.000000000	
1	-16777216.000000000	
2	-16777216.000000000	
3	-16777216.000000000	
4	-16777216.000000000	
5	-16759489.000000000	
6	-16734756.000000000	
7	-16751730.000000000	
8	-16758131.000000000	
9	-16716547.000000000	
10	-16688463.000000000	
11	-16646953.000000000	
12	-16587585.000000000	
13	-16543556.000000000	
14	-16486954.000000000	
15	-16428904.000000000	
16	-16373903.000000000	
17	-16292178.000000000	
18	-16225280.000000000	
19	-16167600.000000000	
20	-16184615.000000000	
21	-16259850.000000000	
22	-16308598.000000000	
23	-16307789.000000000	
24	-16325731.000000000	
25	-16370294.000000000	
26	-16438133.000000000	
27	-16493883.000000000	
28	-16545715.000000000	
29	-16579310.000000000	
30	-16565139.000000000	
31	-16567643.000000000	
32	-16532070.000000000	
33	-16532148.000000000	
34	-16533333.000000000	
35	-16523534.000000000	
36	-16476434.000000000	
37	-16409173.000000000	
38	-16381754.000000000	
39	-16368589.000000000	
40	-16344236.000000000	
41	-16327495.000000000	
42	-16299158.000000000	
43	-16268556.000000000	
44	-16232597.000000000	
45	-16190986.000000000	
46	-16170422.000000000	
47	-16107803.000000000	
48	-16036593.000000000	
49	-15970345.000000000	
50	-15944763.000000000	
51	-15870125.000000000	
52	-15792585.000000000	
53	-15716686.000000000	
54	-15638446.000000000	
55	-15545405.000000000	
56	-15411480.000000000	
57	-15289455.000000000	
58	-15194346.000000000	
59	-15098586.000000000	
60	-14988769.000000000	
61	-14863594.000000000	
62	-14744876.000000000	
63	-14653049.000000000	
64	-14576494.000000000	
65	-14542556.000000000	
66	-14534955.000000000	
67	-14518847.000000000	
68	-14531973.000000000	
69	-14572629.000000000	
70	-14628868.000000000	
71	-14715692.000000000	
72	-14821931.000000000	
73	-14940629.000000000	
74	-15064758.000000000	
75	-15187237.000000000	
76	-15317836.000000000	
77	-15456218.000000000	
78	-15604921.000000000	
79	-15733241.000000000	
80	-15837824.000000000	
81	-15954189.000000000	
82	-16054127.000000000	
83	-16136821.000000000	
84	-16190273.000000000	
85	-16237146.000000000	
86	-16281783.000000000	
87	-16300145.000000000	
88	-16308272.000000000	
89	-16279633.000000000	
90	-16231986.000000000	
91	-16232072.000000000	
92	-16258604.000000000	
93	-16263335.000000000	
94	-16233061.000000000	
95	-16204292.000000000	
96	-16221837.000000000	
97	-16237361.000000000	
98	-16238178.000000000	
99	-16241704.000000000	
100	-16226567.000000000	
101	-16200723.000000000	
102	-16184467.000000000	
103	-16166148.000000000	
104	-16146540.000000000	
105	-16101129.000000000	
106	-16042774.000000000	
107	-15981495.000000000	
108	-15921679.000000000	
109	-15859196.000000000	
110	-15770482.000000000	
111	-15689549.000000000	
112	-15623884.000000000	
113	-15563510.000000000	
114	-15512850.000000000	
115	-15483736.000000000	
116	-15453637.000000000	
117	-15432825.000000000	
118	-15427321.000000000	
119	-15430503.000000000	
120	-15461035.000000000	
121	-15512337.000000000	
122	-15556801.000000000	
123	-15609652.000000000	
124	-15698237.000000000	
125	-15792885.000000000	
126	-15912690.000000000	
127	-16042817.000000000	
128	-16158924.000000000	
129	-16285567.000000000	
130	-16404297.000000000	
131	-16505826.000000000	
132	-16590912.000000000	
133	-16645525.000000000	
134	-16662786.000000000	
135	-16692157.000000000	
136	-16711078.000000000	
137	-16706176.000000000	
138	-16701875.000000000	
139	-16698951.000000000	
140	-16687942.000000000	
141	-16687813.000000000	
142	-16690092.000000000	
143	-16689017.000000000	
144	-16683083.000000000	
145	-16668591.000000000	
146	-16650874.000000000	
147	-16633759.000000000	
148	-16619611.000000000	
149	-16591789.000000000	
150	-16569771.000000000	
151	-16546593.000000000	
152	-16500064.000000000	
153	-16426358.000000000	
154	-16373378.000000000	
155	-16306681.000000000	
156	-16226782.000000000	
157	-16145980.000000000	
158	-16063587.000000000	
159	-15984850.000000000	
160	-15908993.000000000	
161	-15847499.000000000	
162	-15816838.000000000	
163	-15787984.000000000	
164	-15751646.000000000	
165	-15725114.000000000	
166	-15711181.000000000	
167	-15714965.000000000	
168	-15750614.000000000	
169	-15798089.000000000	
170	-15819117.000000000	
171	-15849606.000000000	
172	-15922668.000000000	
173	-16019252.000000000	
174	-16116695.000000000	
175	-16229877.000000000	
176	-16344177.000000000	
177	-16451212.000000000	
178	-16543884.000000000	
179	-16607399.000000000	
180	-16659303.000000000	
181	-16706778.000000000	
182	-16729956.000000000	
183	-16728494.000000000	
184	-16721957.000000000	
185	-16733611.000000000	
186	-16741223.000000000	
187	-16731719.000000000	
188	-16724452.000000000	
189	-16733052.000000000	
190	-16730472.000000000	
191	-16717743.000000000	
192	-16709057.000000000	
193	-16698220.000000000	
194	-16682739.000000000	
195	-16683599.000000000	
196	-16693403.000000000	
197	-16704757.000000000	
198	-16701058.000000000	
199	-16703853.000000000	
200	-16714819.000000000	
201	-16711121.000000000	
202	-16704068.000000000	
203	-16688630.000000000	
204	-16688027.000000000	
205	-16702390.000000000	
206	-16693532.000000000	
207	-16679815.000000000	
208	-16655733.000000000	
209	-16623181.000000000	
210	-16584951.000000000	
211	-16529812.000000000	
212	-16467197.000000000	
213	-16405197.000000000	
214	-16329215.000000000	
215	-16245919.000000000	
216	-16161762.000000000	
217	-16098979.000000000	
218	-16061566.000000000	
219	-16049181.000000000	
220	-16031550.000000000	
221	-16024455.000000000	
222	-16034088.000000000	
223	-16046128.000000000	
224	-16061996.000000000	
225	-16087884.000000000	
226	-16123146.000000000	
227	-16182576.000000000	
228	-16260840.000000000	
229	-16335192.000000000	
230	-16408597.000000000	
231	-16486905.000000000	
232	-16566804.000000000	
233	-16657496.000000000	
234	-16719119.000000000	
235	-16742899.000000000	
236	-16753908.000000000	
237	-16760316.000000000	
238	-16761004.000000000	
239	-16756618.000000000	
240	-16757779.000000000	
241	-16763068.000000000	
242	-16764616.000000000	
243	-16765777.000000000	
244	-16764831.000000000	
245	-16767325.000000000	
246	-16768099.000000000	
247	-16767540.000000000	
248	-16765433.000000000	
249	-16762766.000000000	
250	-16759498.000000000	
251	-16754941.000000000	
252	-16757564.000000000	
253	-16765175.000000000	
254	-16763756.000000000	
255	-16758166.000000000	
256	-16753909.000000000	
257	-16753866.000000000	
258	-16745480.000000000	
259	-16729010.000000000	
260	-16723506.000000000	
261	-16717012.000000000	
262	-16702004.000000000	
263	-16682395.000000000	
264	-16656679.000000000	
265	-16633286.000000000	
266	-16597250.000000000	
267	-16540573.000000000	
268	-16492195.000000000	
269	-16427303.000000000	
270	-16356951.000000000	
271	-16314293.000000000	
272	-16284578.000000000	
273	-16253272.000000000	
274	-16199347.000000000	
275	-16135488.000000000	
276	-16123275.000000000	
277	-16130843.000000000	
278	-16132821.000000000	
279	-16148130.000000000	
280	-16175824.000000000	
281	-16203733.000000000	
282	-16247036.000000000	
283	-16318464.000000000	
284	-16398406.000000000	
285	-16477875.000000000	
286	-16566202.000000000	
287	-16645929.000000000	
288	-16699897.000000000	
289	-16733869.000000000	
290	-16747802.000000000	
291	-16747329.000000000	
292	-16744921.000000000	
293	-16759198.000000000	
294	-16765089.000000000	
295	-16753779.000000000	
296	-16745093.000000000	
297	-16743373.000000000	
298	-16753048.000000000	
299	-16760273.000000000	
300	-16754339.000000000	
301	-16750726.000000000	
302	-16750554.000000000	
303	-16754296.000000000	
304	-16755930.000000000	
305	-16749866.000000000	
306	-16749822.000000000	
307	-16749133.000000000	
308	-16742856.000000000	
309	-16747415.000000000	
310	-16756790.000000000	
311	-16758381.000000000	
312	-16759970.000000000	
313	-16754809.000000000	
314	-16745264.000000000	
315	-16742857.000000000	
316	-16748920.000000000	
317	-16752403.000000000	
318	-16758294.000000000	
319	-16752058.000000000	
320	-16714000.000000000	
321	-16716538.000000000	
322	-16713142.000000000	
323	-16741136.000000000	
324	-16743200.000000000	
325	-16732407.000000000	
326	-16723377.000000000	
327	-16714174.000000000	
328	-16691555.000000000	
329	-16659432.000000000	
330	-16636167.000000000	
331	-16618192.000000000	
332	-16569986.000000000	
333	-16502300.000000000	
334	-16454051.000000000	
335	-16410275.000000000	
336	-16359702.000000000	
337	-16305519.000000000	
338	-16269355.000000000	
339	-16243294.000000000	
340	-16230134.000000000	
341	-16246348.000000000	
342	-16280020.000000000	
343	-16316271.000000000	
344	-16359230.000000000	
345	-16403050.000000000	
346	-16463039.000000000	
347	-16536874.000000000	
348	-16611138.000000000	
349	-16680888.000000000	
350	-16725913.000000000	
351	-16747501.000000000	
352	-16759843.000000000	
353	-16766895.000000000	
354	-16764186.000000000	
355	-16766422.000000000	
356	-16772529.000000000	
357	-16772744.000000000	
358	-16769777.000000000	
359	-16768614.000000000	
360	-16769043.000000000	
361	-16765519.000000000	
362	-16762681.000000000	
363	-16766078.000000000	
364	-16769261.000000000	
365	-16771927.000000000	
366	-16772400.000000000	
367	-16768400.000000000	
368	-16768513.000000000	
369	-16763734.000000000	
370	-16756827.000000000	
371	-16762982.000000000	
372	-16768443.000000000	
373	-16772873.000000000	
374	-16768830.000000000	
375	-16760746.000000000	
376	-16764100.000000000	
377	-16769476.000000000	
378	-16766981.000000000	
379	-16768912.000000000	
380	-16766674.000000000	
381	-16760530.000000000	
382	-16765003.000000000	
383	-16766207.000000000	
384	-16756961.000000000	
385	-16755456.000000000	
386	-16758209.000000000	
387	-16724709.000000000	
388	-16712883.000000000	
389	-16724151.000000000	
390	-16750640.000000000	
391	-16735975.000000000	
392	-16713398.000000000	
393	-16696801.000000000	
394	-16693017.000000000	
395	-16672976.000000000	
396	-16629973.000000000	
397	-16592648.000000000	
398	-16561816.000000000	
399	-16520318.000000000	
400	-16473789.000000000	
401	-16436248.000000000	
402	-16415177.000000000	
403	-16405759.000000000	
404	-16418875.000000000	
405	-16444935.000000000	
406	-16481874.000000000	
407	-16540917.000000000	
408	-16593896.000000000	
409	-16645327.000000000	
410	-16693103.000000000	
411	-16731805.000000000	
412	-16751070.000000000	
413	-16756188.000000000	
414	-16762423.000000000	
415	-16765734.000000000	
416	-16761735.000000000	
417	-16762335.000000000	
418	-16768312.000000000	
419	-16766981.000000000	
420	-16764874.000000000	
421	-16763326.000000000	
422	-16761477.000000000	
423	-16765089.000000000	
424	-16771797.000000000	
425	-16773732.000000000	
426	-16771410.000000000	
427	-16767669.000000000	
428	-16764831.000000000	
429	-16764229.000000000	
430	-16755241.000000000	
431	-16746768.000000000	
432	-16757346.000000000	
433	-16764229.000000000	
434	-16764874.000000000	
435	-16769432.000000000	
436	-16771195.000000000	
437	-16767454.000000000	
438	-16765003.000000000	
439	-16764014.000000000	
440	-16767067.000000000	
441	-16770336.000000000	
442	-16774894.000000000	
443	-16772443.000000000	
444	-16765261.000000000	
445	-16760531.000000000	
446	-16760746.000000000	
447	-16768701.000000000	
448	-16768959.000000000	
449	-16760875.000000000	
450	-16763068.000000000	
451	-16762552.000000000	
452	-16755801.000000000	
453	-16764444.000000000	
454	-16768701.000000000	
455	-16767238.000000000	
456	-16764787.000000000	
457	-16766164.000000000	
458	-16768658.000000000	
459	-16765777.000000000	
460	-16757521.000000000	
461	-16755887.000000000	
462	-16753651.000000000	
463	-16753178.000000000	
464	-16755199.000000000	
465	-16749737.000000000	
466	-16737266.000000000	
467	-16728579.000000000	
468	-16717184.000000000	
469	-16713958.000000000	
470	-16716968.000000000	
471	-16698564.000000000	
472	-16648294.000000000	
473	-16604173.000000000	
474	-16573898.000000000	
475	-16546291.000000000	
476	-16531628.000000000	
477	-16527027.000000000	
478	-16527586.000000000	
479	-16539970.000000000	
480	-16558031.000000000	
481	-16602281.000000000	
482	-16647993.000000000	
483	-16681621.000000000	
484	-16712196.000000000	
485	-16739503.000000000	
486	-16756101.000000000	
487	-16767970.000000000	
488	-16767666.000000000	
489	-16765301.000000000	
490	-16769088.000000000	
491	-16771582.000000000	
492	-16771021.000000000	
493	-16769214.000000000	
494	-16769000.000000000	
495	-16772657.000000000	
496	-16771368.000000000	
497	-16762853.000000000	
498	-16762853.000000000	
499	-16769089.000000000	
500	-16773303.000000000	
501	-16769518.000000000	
502	-16765218.000000000	
503	-16769690.000000000	
504	-16775238.000000000	
505	-16773776.000000000	
506	-16772959.000000000	
507	-16769347.000000000	
508	-16762595.000000000	
509	-16767454.000000000	
510	-16771583.000000000	
511	-16770033.000000000	
512	-16767108.000000000	
513	-16764960.000000000	
514	-16768959.000000000	
515	-16771970.000000000	
516	-16767067.000000000	
517	-16764659.000000000	
518	-16767540.000000000	
519	-16770809.000000000	
520	-16768830.000000000	
521	-16769948.000000000	
522	-16771884.000000000	
523	-16770637.000000000	
524	-16769175.000000000	
525	-16769304.000000000	
526	-16768142.000000000	
527	-16767540.000000000	
528	-16767110.000000000	
529	-16770809.000000000	
530	-16770464.000000000	
531	-16766636.000000000	
532	-16759626.000000000	
533	-16755669.000000000	
534	-16760441.000000000	
535	-16765560.000000000	
536	-16767798.000000000	
537	-16762337.000000000	
538	-16756962.000000000	
539	-16759585.000000000	
540	-16752963.000000000	
541	-16750597.000000000	
542	-16750468.000000000	
543	-16750339.000000000	
544	-16746211.000000000	
545	-16736407.000000000	
546	-16718259.000000000	
547	-16697489.000000000	
548	-16675429.000000000	
549	-16665108.000000000	
550	-16659991.000000000	
551	-16631093.000000000	
552	-16612129.000000000	
553	-16614666.000000000	
554	-16628685.000000000	
555	-16647606.000000000	
556	-16658400.000000000	
557	-16681965.000000000	
558	-16708369.000000000	
559	-16720066.000000000	
560	-16732020.000000000	
561	-16748705.000000000	
562	-16755155.000000000	
563	-16758682.000000000	
564	-16759456.000000000	
565	-16754339.000000000	
566	-16757048.000000000	
567	-16763830.000000000	
568	-16768863.000000000	
569	-16767225.000000000	
570	-16760820.000000000	
571	-16761511.000000000	
572	-16768848.000000000	
573	-16770861.000000000	
574	-16772597.000000000	
575	-16773016.000000000	
576	-16768987.000000000	
577	-16771020.000000000	
578	-16768979.000000000	
579	-16768849.000000000	
580	-16769503.000000000	
581	-16766638.000000000	
582	-16762469.000000000	
583	-16761165.000000000	
584	-16767047.000000000	
585	-16775491.000000000	
586	-16775051.000000000	
587	-16772624.000000000	
588	-16761060.000000000	
589	-16754504.000000000	
590	-16762582.000000000	
591	-16765061.000000000	
592	-16759486.000000000	
593	-16769711.000000000	
594	-16776669.000000000	
595	-16772465.000000000	
596	-16766864.000000000	
597	-16765599.000000000	
598	-16762345.000000000	
599	-16756797.000000000	
600	-16755840.000000000	
601	-16768232.000000000	
602	-16772852.000000000	
603	-16773247.000000000	
604	-16768547.000000000	
605	-16768045.000000000	
606	-16769070.000000000	
607	-16771653.000000000	
608	-16774789.000000000	
609	-16777214.000000000	
610	-16776800.000000000	
611	-16775402.000000000	
612	-16767066.000000000	
613	-16765456.000000000	
614	-16766214.000000000	
615	-16765802.000000000	
616	-16766633.000000000	
617	-16762327.000000000	
618	-16770565.000000000	
619	-16777216.000000000	
620	-16774643.000000000	
621	-16771345.000000000	
622	-16774374.000000000	
623	-16776504.000000000	
624	-16770317.000000000	
625	-16753723.000000000	
626	-16739827.000000000	
627	-16736453.000000000	
628	-16762948.000000000	
629	-16777216.000000000	
630	-16777216.000000000	
631	-16777216.000000000	
632	-16777216.000000000	
633	-16775674.000000000	
634	-16777214.000000000	
635	-16777214.000000000	
636	-16777216.000000000	
637	-16777216.000000000	
638	-16777216.000000000	
639	-16777216.000000000	
640	-16768177.000000000	
641	-16777216.000000000	
642	NaN	
